[13319, 13569, 250, 100.0]
[17867, 17976, 109, 85.0]
[20530, 22143, 1613, 104.0]
[28775, 29130, 355, 101.0]
[32195, 32598, 403, 101.0]
[41251, 41390, 139, 95.0]
[42199, 42574, 375, 99.0]
[66978, 67905, 927, 98.0]
[95139, 95633, 494, 99.0]
[96992, 97671, 679, 120.0]
[102785, 104908, 2123, 105.0]
[105763, 106073, 310, 33.0]
[118853, 119466, 613, 47.0]
[120175, 120323, 148, 95.0]
[124731, 125940, 1209, 102.0]
[128084, 128283, 199, 101.0]
[134074, 134463, 389, 85.0]
[143527, 145179, 1652, 102.0]
[179709, 180895, 1186, 106.0]
[199570, 203228, 3658, 104.0]
[203669, 207973, 4304, 105.0]
[232210, 233317, 1107, 103.0]
[237095, 241484, 4389, 105.0]
[262662, 263974, 1312, 106.0]
[283240, 283546, 306, 101.0]
[301960, 303221, 1261, 106.0]
[307428, 310317, 2889, 105.0]
[320806, 323650, 2844, 83.0]
[340939, 342647, 1708, 104.0]
[350791, 352958, 2167, 104.0]
[362752, 366134, 3382, 85.0]
[378301, 380967, 2666, 104.0]
[412832, 413423, 591, 168.0]
[445183, 447263, 2080, 104.0]
[457793, 458563, 770, 101.0]
[465614, 465965, 351, 103.0]
[483275, 483450, 175, 93.0]
[485066, 488046, 2980, 104.0]
[493191, 494855, 1664, 102.0]
[502808, 505595, 2787, 106.0]
[508038, 511055, 3017, 99.0]
[534308, 541151, 6843, 102.0]
[579360, 582229, 2869, 104.0]
[584874, 586671, 1797, 102.0]
[589706, 590188, 482, 105.0]
[594905, 596128, 1223, 104.0]
[607074, 608073, 999, 104.0]
[613720, 623791, 10071, 71.0]
[658823, 660774, 1951, 103.0]
[690365, 690577, 212, 93.0]
[693871, 694037, 166, 97.0]
[694398, 699823, 5425, 104.0]
[703011, 706114, 3103, 105.0]
[715462, 719656, 4194, 104.0]
[745123, 760921, 15798, 94.0]
[772401, 773726, 1325, 105.0]
[806052, 807811, 1759, 106.0]
[819373, 833813, 14440, 57.0]
[837545, 838686, 1141, 105.0]
[851547, 854193, 2646, 105.0]
[883697, 884507, 810, 98.0]
[892024, 895136, 3112, 105.0]
[901819, 902086, 267, 97.0]
[921601, 921708, 107, 66.0]
[1000487, 1000922, 435, 98.0]
[1025595, 1028513, 2918, 103.0]
[1030095, 1030248, 153, 89.0]
[1046685, 1048728, 2043, 105.0]
[1053755, 1056537, 2782, 105.0]
[1091538, 1092224, 686, 104.0]
[1126497, 1127309, 812, 105.0]
[1131361, 1133956, 2595, 103.0]
[1158633, 1161219, 2586, 105.0]
[1175168, 1175981, 813, 104.0]
[1252258, 1252430, 172, 97.0]
[1253854, 1255908, 2054, 104.0]
[1261790, 1267075, 5285, 103.0]
[1276575, 1277573, 998, 104.0]
[1323186, 1330199, 7013, 105.0]
[1333229, 1340411, 7182, 58.0]
[1356514, 1356765, 251, 103.0]
[1357711, 1358670, 959, 104.0]
[1364797, 1366017, 1220, 104.0]
[1389498, 1390930, 1432, 101.0]
[1394554, 1394718, 164, 106.0]
[1406541, 1406770, 229, 18.0]
[1427859, 1428206, 347, 102.0]
[1430399, 1431170, 771, 105.0]
[1438735, 1439207, 472, 108.0]
[1449631, 1450458, 827, 103.0]
[1455086, 1456188, 1102, 104.0]
[1462754, 1464834, 2080, 104.0]
[1473255, 1474437, 1182, 104.0]
[1474731, 1476544, 1813, 106.0]
[1480571, 1481490, 919, 98.0]
[1485083, 1485288, 205, 108.0]
[1487570, 1490124, 2554, 105.0]
[1498026, 1498510, 484, 99.0]
[1506520, 1508049, 1529, 103.0]
[1527129, 1530471, 3342, 112.0]
[1545029, 1545183, 154, 93.0]
[1598140, 1604394, 6254, 104.0]
[1604593, 1607037, 2444, 104.0]
[1607074, 1607643, 569, 104.0]
[1613178, 1613862, 684, 101.0]
[1615691, 1616823, 1132, 104.0]
[1621040, 1621693, 653, 107.0]
[1624099, 1624936, 837, 104.0]
[2006055, 2009052, 2997, 105.0]
[2014779, 2018520, 3741, 105.0]
[2018712, 2020881, 2169, 104.0]
[2029842, 2039007, 9165, 85.0]
[2041025, 2043865, 2840, 105.0]
[2044341, 2045437, 1096, 106.0]
[2051188, 2051362, 174, 101.0]
[2068181, 2068896, 715, 101.0]
[2072093, 2073989, 1896, 80.0]
[2079565, 2079679, 114, 87.0]
[2080022, 2085214, 5192, 103.0]
[2086216, 2086875, 659, 104.0]
[2123390, 2125558, 2168, 103.0]
[2143668, 2143899, 231, 100.0]
[2173639, 2176000, 2361, 105.0]
[2181630, 2182780, 1150, 99.0]
[2193348, 2196573, 3225, 105.0]
[2203814, 2204102, 288, 108.0]
[2205565, 2208278, 2713, 105.0]
[2231559, 2232500, 941, 103.0]
[2266719, 2267229, 510, 169.0]
[2275490, 2277356, 1866, 105.0]
[2282329, 2282568, 239, 87.0]
[2310743, 2314396, 3653, 104.0]
[2325073, 2325881, 808, 102.0]
[2338143, 2340426, 2283, 104.0]
[2369084, 2370919, 1835, 106.0]
[2377371, 2378678, 1307, 104.0]
[2399965, 2401598, 1633, 102.0]
[2407958, 2412854, 4896, 103.0]
[2424299, 2424910, 611, 97.0]
[2431289, 2431869, 580, 103.0]
[2458994, 2461546, 2552, 110.0]
[2471795, 2471961, 166, 40.0]
[2473840, 2473998, 158, 103.0]
[2488512, 2488898, 386, 99.0]
[2496892, 2498516, 1624, 104.0]
[2534544, 2534817, 273, 100.0]
[2538608, 2540737, 2129, 103.0]
[2545127, 2546160, 1033, 104.0]
[2555283, 2557686, 2403, 104.0]
[2570051, 2571707, 1656, 104.0]
[2579368, 2580783, 1415, 103.0]
[2582025, 2585671, 3646, 105.0]
[2592106, 2592813, 707, 103.0]
[2609699, 2613299, 3600, 105.0]
[2614716, 2615080, 364, 98.0]
[2627680, 2628796, 1116, 100.0]
[2658184, 2658378, 194, 106.0]
[2659990, 2660766, 776, 99.0]
[2666089, 2675688, 9599, 71.0]
[2678750, 2682688, 3938, 105.0]
[2697609, 2708125, 10516, 105.0]
[2712560, 2713868, 1308, 102.0]
[2735574, 2735984, 410, 103.0]
[2744714, 2745298, 584, 174.0]
[2747538, 2751339, 3801, 177.0]
[2765386, 2767990, 2604, 104.0]
[2768188, 2770164, 1976, 104.0]
[2773855, 2774871, 1016, 100.0]
[2795472, 2802110, 6638, 94.0]
[2819208, 2819380, 172, 76.0]
[2825315, 2825681, 366, 105.0]
[2834080, 2835753, 1673, 63.0]
[2862747, 2863260, 513, 102.0]
[2878703, 2881880, 3177, 105.0]
[2890551, 2893649, 3098, 105.0]
[2897478, 2900319, 2841, 104.0]
[2914078, 2915363, 1285, 104.0]
[2968747, 2971183, 2436, 106.0]
[2972287, 2977605, 5318, 82.0]
[2981027, 2981256, 229, 105.0]
[2986033, 2986237, 204, 102.0]
[3009349, 3010048, 699, 105.0]
[3017079, 3017692, 613, 104.0]
[3077314, 3077653, 339, 84.0]
[3091525, 3092215, 690, 106.0]
[3093172, 3094814, 1642, 105.0]
[3147985, 3149400, 1415, 106.0]
[3160073, 3163267, 3194, 105.0]
[3165104, 3169103, 3999, 104.0]
[3178067, 3180247, 2180, 104.0]
[3188320, 3193533, 5213, 104.0]
[3211956, 3215636, 3680, 105.0]
[3221266, 3221489, 223, 168.0]
[3222874, 3224205, 1331, 103.0]
[3228699, 3229931, 1232, 158.0]
[3232859, 3234320, 1461, 102.0]
[3264281, 3265240, 959, 105.0]
[3265288, 3266396, 1108, 105.0]
[3271869, 3272394, 525, 97.0]
[3307684, 3308981, 1297, 101.0]
[3311850, 3313267, 1417, 104.0]
[3315196, 3315960, 764, 102.0]
[3322985, 3323567, 582, 104.0]
[3338452, 3341927, 3475, 104.0]
[3346911, 3348464, 1553, 103.0]
[3369826, 3372752, 2926, 100.0]
[3391607, 3392378, 771, 99.0]
[3396932, 3400152, 3220, 104.0]
[3419438, 3420829, 1391, 105.0]
[3455844, 3456735, 891, 103.0]
[3462864, 3479483, 16619, 10.0]
[3483544, 3484410, 866, 103.0]
[3488352, 3490380, 2028, 104.0]
[3501719, 3506823, 5104, 103.0]
[3525655, 3527646, 1991, 104.0]
[3544934, 3546209, 1275, 105.0]
[3550905, 3555210, 4305, 105.0]
[3556920, 3563688, 6768, 105.0]
[3582829, 3582968, 139, 18.0]
[3587892, 3591509, 3617, 104.0]
[3604414, 3604770, 356, 94.0]
[3613006, 3620005, 6999, 105.0]
[3624835, 3627047, 2212, 104.0]
[3633937, 3635587, 1650, 104.0]
[3656626, 3659853, 3227, 104.0]
[3679643, 3682193, 2550, 104.0]
[3691777, 3692220, 443, 94.0]
[3700174, 3704944, 4770, 104.0]
[3705011, 3705177, 166, 79.0]
[3714598, 3722008, 7410, 104.0]
[3724367, 3726406, 2039, 105.0]
[3729294, 3729612, 318, 103.0]
[3734727, 3734946, 219, 107.0]
[3736458, 3736746, 288, 102.0]
[3742421, 3744145, 1724, 102.0]
[3750109, 3750712, 603, 106.0]
[3763708, 3770040, 6332, 104.0]
[3802031, 3803554, 1523, 103.0]
[3806296, 3812188, 5892, 105.0]
[3815974, 3818002, 2028, 105.0]
[3823660, 3826528, 2868, 105.0]
[3833137, 3835138, 2001, 91.0]
[3853336, 3854489, 1153, 106.0]
[3871682, 3872478, 796, 105.0]
[3884903, 3892716, 7813, 105.0]
[3894659, 3896329, 1670, 101.0]
[3900688, 3901602, 914, 99.0]
[3908436, 3911352, 2916, 104.0]
[3913548, 3914888, 1340, 104.0]
[3922377, 3923072, 695, 103.0]
[3924522, 3926088, 1566, 104.0]
[3948158, 3949329, 1171, 104.0]
[3952195, 3960296, 8101, 69.0]
[3961361, 3966334, 4973, 104.0]
[3986921, 3992514, 5593, 104.0]
[3998837, 3999988, 1151, 103.0]
[4000113, 4000244, 131, 14.0]
[4034027, 4034180, 153, 106.0]
[4038027, 4051378, 13351, 102.0]
[4072288, 4074083, 1795, 102.0]
[4084616, 4085244, 628, 103.0]
[4086097, 4086551, 454, 105.0]
[4087402, 4090996, 3594, 99.0]
[4106066, 4106972, 906, 105.0]
[4130068, 4132006, 1938, 102.0]
[4136000, 4137223, 1223, 104.0]
[4152656, 4152773, 117, 93.0]
[4167466, 4168667, 1201, 102.0]
[4217163, 4217581, 418, 103.0]
[4221774, 4224068, 2294, 103.0]
[4230506, 4231839, 1333, 105.0]
[4239962, 4241095, 1133, 100.0]
[4264235, 4266235, 2000, 105.0]
[4268870, 4269343, 473, 106.0]
[4291714, 4291969, 255, 98.0]
[4315042, 4317747, 2705, 105.0]
[4327738, 4328894, 1156, 106.0]
[4348952, 4349221, 269, 109.0]
[4355596, 4358209, 2613, 105.0]
[4381332, 4382028, 696, 101.0]
[4383259, 4385151, 1892, 105.0]
[4387358, 4389595, 2237, 94.0]
[4421467, 4421856, 389, 71.0]
[4476107, 4477243, 1136, 105.0]
[4497844, 4500173, 2329, 100.0]
[4510455, 4514748, 4293, 104.0]
[4524267, 4524945, 678, 104.0]
[4553524, 4554669, 1145, 104.0]
[4564573, 4567687, 3114, 104.0]
[4585545, 4585654, 109, 94.0]
[4597353, 4598542, 1189, 104.0]
[4625397, 4627463, 2066, 95.0]
[4633213, 4636780, 3567, 105.0]
[4638546, 4640175, 1629, 104.0]
[4641236, 4643365, 2129, 106.0]
[4648541, 4648695, 154, 106.0]
[4653957, 4654230, 273, 111.0]
[4657575, 4657955, 380, 96.0]
[4662063, 4662296, 233, 156.0]
[4663079, 4668824, 5745, 106.0]
[4669056, 4669281, 225, 88.0]
[4671596, 4675219, 3623, 103.0]
[4714861, 4726429, 11568, 68.0]
[4730916, 4732640, 1724, 104.0]
[4733679, 4734081, 402, 49.0]
[4736612, 4737528, 916, 99.0]
[4741210, 4751867, 10657, 58.0]
[4755585, 4757990, 2405, 102.0]
[4763557, 4770142, 6585, 104.0]
[4802844, 4803992, 1148, 105.0]
[4821667, 4822712, 1045, 106.0]
[4831786, 4832938, 1152, 105.0]
[4836830, 4839046, 2216, 104.0]
[4846121, 4846701, 580, 95.0]
[4872381, 4873147, 766, 93.0]
[4874383, 4876416, 2033, 104.0]
[4880248, 4880869, 621, 104.0]
[4898742, 4899042, 300, 97.0]
[4903495, 4903906, 411, 106.0]
[4905859, 4906664, 805, 103.0]
[4913646, 4916422, 2776, 104.0]
[4937058, 4937283, 225, 101.0]
[4963986, 4965611, 1625, 104.0]
[4967545, 4967876, 331, 105.0]
[4999070, 4999999, 929, 102.0]
[5001665, 5006391, 4726, 105.0]
[5007784, 5008507, 723, 102.0]
[5025491, 5026539, 1048, 103.0]
[5034392, 5035770, 1378, 103.0]
[5049410, 5053236, 3826, 104.0]
[5064280, 5067092, 2812, 106.0]
[5082025, 5084490, 2465, 104.0]
[5086701, 5087873, 1172, 102.0]
[5090971, 5092734, 1763, 81.0]
[5112785, 5132691, 19906, 103.0]
[5140245, 5141402, 1157, 104.0]
[5143714, 5144016, 302, 99.0]
[5153688, 5153887, 199, 100.0]
[5155909, 5156845, 936, 103.0]
[5176801, 5177185, 384, 96.0]
[5197954, 5198424, 470, 102.0]
[5206754, 5207581, 827, 104.0]
[5211526, 5212802, 1276, 106.0]
[5215962, 5217819, 1857, 104.0]
[5217885, 5218577, 692, 102.0]
[5226365, 5227950, 1585, 106.0]
[5234067, 5234613, 546, 102.0]
[5238004, 5238513, 509, 103.0]
[5261424, 5264477, 3053, 106.0]
[5271135, 5271254, 119, 84.0]
[5279828, 5280001, 173, 65.0]
[5286200, 5290078, 3878, 106.0]
[5337864, 5338341, 477, 106.0]
[5356302, 5357054, 752, 101.0]
[5366900, 5369128, 2228, 103.0]
[5386941, 5387131, 190, 83.0]
[5396727, 5398954, 2227, 105.0]
[5402345, 5409461, 7116, 104.0]
[5417310, 5421285, 3975, 105.0]
[5439162, 5441177, 2015, 106.0]
[5441608, 5442728, 1120, 103.0]
[5445528, 5446168, 640, 106.0]
[5478914, 5481840, 2926, 158.0]
[5513970, 5518044, 4074, 100.0]
[5529066, 5531510, 2444, 104.0]
[5536142, 5536448, 306, 90.0]
[5550184, 5550463, 279, 107.0]
[5560392, 5564304, 3912, 105.0]
[5575172, 5577168, 1996, 105.0]
[5591454, 5593327, 1873, 106.0]
[5595132, 5596001, 869, 101.0]
[5620592, 5622714, 2122, 104.0]
[5641904, 5646420, 4516, 105.0]
[5655786, 5656470, 684, 100.0]
[5661629, 5662229, 600, 102.0]
[5669634, 5672509, 2875, 106.0]
[5677804, 5678890, 1086, 106.0]
[5680046, 5683159, 3113, 105.0]
[5685760, 5686115, 355, 109.0]
[5736499, 5738403, 1904, 102.0]
[5752657, 5753098, 441, 104.0]
[5755946, 5759813, 3867, 104.0]
[5767349, 5770346, 2997, 105.0]
[5778171, 5780486, 2315, 104.0]
[5795479, 5797611, 2132, 105.0]
[5811733, 5811838, 105, 44.0]
[5821113, 5822411, 1298, 102.0]
[5830042, 5830305, 263, 102.0]
[5836070, 5839338, 3268, 101.0]
[5865224, 5865520, 296, 105.0]
[5867707, 5868122, 415, 98.0]
[5905485, 5910576, 5091, 105.0]
[5912136, 5916554, 4418, 105.0]
[5923513, 5924579, 1066, 105.0]
[5942404, 5943063, 659, 102.0]
[5953242, 5953941, 699, 103.0]
[5987043, 5987740, 697, 103.0]
[5989917, 5990269, 352, 98.0]
[5995995, 5997332, 1337, 103.0]
[6005181, 6005686, 505, 99.0]
[6012571, 6016490, 3919, 105.0]
[6021241, 6023174, 1933, 101.0]
[6044921, 6045956, 1035, 173.0]
[6053890, 6054520, 630, 106.0]
[6070603, 6070793, 190, 99.0]
[6074155, 6075174, 1019, 105.0]
[6075358, 6077007, 1649, 104.0]
[6080057, 6080592, 535, 192.0]
[6086783, 6087005, 222, 98.0]
[6113992, 6115190, 1198, 103.0]
[6133522, 6136162, 2640, 106.0]
[6137212, 6138115, 903, 104.0]
[6189376, 6192035, 2659, 105.0]
[6203558, 6204433, 875, 102.0]
[6211823, 6212853, 1030, 105.0]
[6228437, 6231069, 2632, 104.0]
[6265773, 6272406, 6633, 105.0]
[6281839, 6288526, 6687, 105.0]
[6305444, 6305646, 202, 101.0]
[6362723, 6363775, 1052, 106.0]
[6391407, 6394070, 2663, 104.0]
[6434230, 6434862, 632, 94.0]
[6460450, 6460625, 175, 89.0]
[6462025, 6463350, 1325, 103.0]
[6507093, 6511270, 4177, 106.0]
[6512897, 6514081, 1184, 105.0]
[6522072, 6523061, 989, 105.0]
[6535072, 6536624, 1552, 103.0]
[6558111, 6561745, 3634, 105.0]
[6564681, 6566441, 1760, 103.0]
[6577450, 6577757, 307, 104.0]
[6585972, 6586340, 368, 92.0]
[6615557, 6615871, 314, 95.0]
[6636151, 6636726, 575, 105.0]
[6645276, 6646325, 1049, 105.0]
[6654431, 6654866, 435, 104.0]
[6666554, 6669560, 3006, 104.0]
[6679733, 6680419, 686, 104.0]
[6698856, 6700397, 1541, 105.0]
[6731894, 6736616, 4722, 106.0]
[6784156, 6784284, 128, 64.0]
[6805512, 6806054, 542, 101.0]
[6826346, 6829404, 3058, 105.0]
[6832672, 6834279, 1607, 104.0]
[6842905, 6846675, 3770, 104.0]
[6860827, 6861220, 393, 104.0]
[6861554, 6864421, 2867, 105.0]
[6879031, 6879178, 147, 101.0]
[6881226, 6881833, 607, 104.0]
[6886488, 6886880, 392, 98.0]
[6933356, 6936644, 3288, 104.0]
[6938886, 6943782, 4896, 105.0]
[6947463, 6949694, 2231, 104.0]
[6965894, 6966492, 598, 100.0]
[6976960, 6978045, 1085, 102.0]
[7007242, 7007355, 113, 81.0]
[7009143, 7011701, 2558, 104.0]
[7015935, 7016889, 954, 107.0]
[7056592, 7057691, 1099, 98.0]
[7092972, 7095859, 2887, 104.0]
[7101824, 7102129, 305, 100.0]
[7149362, 7151943, 2581, 105.0]
[7153757, 7154821, 1064, 103.0]
[7179321, 7181182, 1861, 102.0]
[7185984, 7188167, 2183, 105.0]
[7290605, 7295769, 5164, 104.0]
[7302646, 7303399, 753, 105.0]
[7310352, 7312237, 1885, 105.0]
[7328442, 7329335, 893, 103.0]
[7383929, 7385138, 1209, 103.0]
[7433702, 7435792, 2090, 105.0]
[7462759, 7463414, 655, 107.0]
[7479599, 7479879, 280, 97.0]
[7491400, 7491866, 466, 97.0]
[7511275, 7512044, 769, 105.0]
[7514539, 7515463, 924, 105.0]
[7520216, 7522954, 2738, 105.0]
[7537849, 7541084, 3235, 102.0]
[7582013, 7582970, 957, 104.0]
[7614592, 7614977, 385, 105.0]
[7646017, 7647736, 1719, 105.0]
[7652425, 7652548, 123, 89.0]
[7654701, 7658400, 3699, 103.0]
[7659390, 7660912, 1522, 103.0]
[7679565, 7685777, 6212, 99.0]
[7709323, 7714236, 4913, 103.0]
[7715025, 7717368, 2343, 104.0]
[7725453, 7725936, 483, 101.0]
[7736001, 7739850, 3849, 105.0]
[7757604, 7759214, 1610, 104.0]
[7760854, 7761517, 663, 104.0]
[7783175, 7789223, 6048, 98.0]
[7793119, 7797453, 4334, 104.0]
[7827606, 7828115, 509, 105.0]
[7846935, 7847588, 653, 104.0]
[7847652, 7847959, 307, 98.0]
[7849963, 7850100, 137, 103.0]
[7853917, 7855422, 1505, 102.0]
[7865487, 7866092, 605, 103.0]
[7869711, 7869993, 282, 106.0]
[7871435, 7874831, 3396, 105.0]
[7880516, 7881355, 839, 137.0]
[7894957, 7895089, 132, 88.0]
[7938256, 7938531, 275, 155.0]
[7939133, 7940765, 1632, 103.0]
[7966331, 7967263, 932, 106.0]
[8007460, 8008371, 911, 184.0]
[8016163, 8027230, 11067, 54.0]
[8028791, 8029442, 651, 100.0]
[8047064, 8048151, 1087, 105.0]
[8067838, 8068851, 1013, 103.0]
[8070042, 8074375, 4333, 57.0]
[8080887, 8082416, 1529, 102.0]
[8109522, 8110141, 619, 103.0]
[8145164, 8146090, 926, 103.0]
[8146484, 8148140, 1656, 104.0]
[8163617, 8164007, 390, 82.0]
[8181837, 8182715, 878, 101.0]
[8197540, 8197839, 299, 102.0]
[8206251, 8208547, 2296, 104.0]
[8212862, 8217443, 4581, 104.0]
[8220970, 8221776, 806, 101.0]
[8229636, 8232297, 2661, 105.0]
[8238088, 8241887, 3799, 104.0]
[8248320, 8249001, 681, 104.0]
[8264232, 8264657, 425, 105.0]
[8274487, 8274714, 227, 93.0]
[8275438, 8276553, 1115, 103.0]
[8287885, 8288182, 297, 104.0]
[8291780, 8296531, 4751, 104.0]
[8337543, 8338575, 1032, 104.0]
[8351768, 8354413, 2645, 105.0]
[8360882, 8365032, 4150, 103.0]
[8379711, 8380555, 844, 105.0]
[8384336, 8385532, 1196, 104.0]
[8387014, 8387295, 281, 105.0]
[8390772, 8391329, 557, 103.0]
[8408266, 8410683, 2417, 104.0]
[8436451, 8436694, 243, 99.0]
[8459854, 8460844, 990, 105.0]
[8463599, 8465457, 1858, 104.0]
[8477747, 8479488, 1741, 104.0]
[8495428, 8502616, 7188, 105.0]
[8505222, 8506374, 1152, 102.0]
[8508581, 8511700, 3119, 103.0]
[8512071, 8513252, 1181, 103.0]
[8521427, 8522812, 1385, 105.0]
[8526612, 8527742, 1130, 156.0]
[8538030, 8541331, 3301, 98.0]
[8554001, 8555906, 1905, 104.0]
[8558163, 8560192, 2029, 104.0]
[8560266, 8561126, 860, 104.0]
[8570358, 8571361, 1003, 104.0]
[8585834, 8586730, 896, 100.0]
[8600412, 8601842, 1430, 102.0]
[8607520, 8608204, 684, 105.0]
[8609132, 8611163, 2031, 105.0]
[8612519, 8612878, 359, 105.0]
[8618293, 8621746, 3453, 104.0]
[8650335, 8651121, 786, 42.0]
[8667830, 8667981, 151, 82.0]
[8673787, 8673977, 190, 87.0]
[8676546, 8680997, 4451, 105.0]
[8687070, 8688249, 1179, 103.0]
[8716161, 8719127, 2966, 103.0]
[8730682, 8733601, 2919, 104.0]
[8740351, 8740838, 487, 106.0]
[8798933, 8801386, 2453, 105.0]
[8802261, 8805077, 2816, 105.0]
[8818168, 8818454, 286, 101.0]
[8820954, 8825669, 4715, 105.0]
[8830174, 8830404, 230, 97.0]
[8841502, 8845605, 4103, 105.0]
[8862779, 8874336, 11557, 178.0]
[8897979, 8903915, 5936, 104.0]
[8907963, 8908371, 408, 86.0]
[8918572, 8922452, 3880, 105.0]
[8925807, 8929813, 4006, 100.0]
[8931384, 8932527, 1143, 105.0]
[8940981, 8942632, 1651, 102.0]
[8957258, 8957513, 255, 96.0]
[8963869, 8965006, 1137, 101.0]
[8966552, 8969671, 3119, 102.0]
[8994846, 8998633, 3787, 104.0]
[9008988, 9011743, 2755, 105.0]
[9022418, 9023810, 1392, 104.0]
[9030721, 9031376, 655, 104.0]
[9041318, 9041874, 556, 101.0]
[9043505, 9045841, 2336, 104.0]
[9049254, 9054863, 5609, 104.0]
[9082392, 9083480, 1088, 104.0]
[9084001, 9084276, 275, 107.0]
[9087394, 9090036, 2642, 105.0]
[9145966, 9146114, 148, 76.0]
[9166411, 9167752, 1341, 104.0]
[9170955, 9172395, 1440, 103.0]
[9177707, 9178900, 1193, 105.0]
[9195329, 9198925, 3596, 104.0]
[9201539, 9201987, 448, 106.0]
[9211618, 9212052, 434, 156.0]
[9214574, 9215589, 1015, 104.0]
[9222225, 9222713, 488, 102.0]
[9230424, 9230936, 512, 124.0]
[9236823, 9237388, 565, 107.0]
[9241869, 9244819, 2950, 105.0]
[9248067, 9251636, 3569, 105.0]
[9254811, 9256537, 1726, 103.0]
[9293307, 9294513, 1206, 102.0]
[9302598, 9307808, 5210, 104.0]
[9326537, 9327715, 1178, 103.0]
[9334792, 9334935, 143, 72.0]
[9335197, 9335436, 239, 88.0]
[9344936, 9345067, 131, 85.0]
[9350591, 9351825, 1234, 105.0]
[9355319, 9355696, 377, 103.0]
[9366239, 9368147, 1908, 77.0]
[9370386, 9372740, 2354, 105.0]
[9415345, 9417121, 1776, 102.0]
[9418062, 9422372, 4310, 104.0]
[9458663, 9458879, 216, 106.0]
[9477218, 9477466, 248, 101.0]
[9499929, 9500391, 462, 103.0]
[9509601, 9510290, 689, 96.0]
[9540729, 9542289, 1560, 103.0]
[9563956, 9566920, 2964, 102.0]
[9572259, 9576189, 3930, 104.0]
[9584618, 9590577, 5959, 104.0]
[9604993, 9605564, 571, 100.0]
[9612889, 9613174, 285, 91.0]
[9614184, 9616615, 2431, 104.0]
[9619008, 9621271, 2263, 105.0]
[9635465, 9638216, 2751, 104.0]
[9641155, 9643704, 2549, 103.0]
[9645147, 9645671, 524, 100.0]
[9647716, 9649201, 1485, 106.0]
[9656355, 9657104, 749, 104.0]
[9697863, 9698018, 155, 103.0]
[9744165, 9745723, 1558, 104.0]
[9762055, 9768141, 6086, 105.0]
[9785208, 9792239, 7031, 105.0]
[9803857, 9807010, 3153, 104.0]
[9857727, 9861217, 3490, 105.0]
[9863436, 9864369, 933, 106.0]
[9915555, 9915836, 281, 187.0]
[9917019, 9917291, 272, 187.0]
[9917981, 9918228, 247, 186.0]
[9931683, 9938540, 6857, 104.0]
[9947298, 9950014, 2716, 103.0]
[9953094, 9953437, 343, 105.0]
[9954400, 9956589, 2189, 103.0]
[9956946, 9958006, 1060, 101.0]
[9960247, 9962101, 1854, 104.0]
[9972699, 9973910, 1211, 103.0]
[10000718, 10001916, 1198, 105.0]
[10041652, 10042447, 795, 104.0]
[10061393, 10062494, 1101, 102.0]
[10071054, 10074945, 3891, 104.0]
[10097845, 10100880, 3035, 105.0]
[10116983, 10120941, 3958, 103.0]
[10149083, 10149769, 686, 105.0]
[10155490, 10155955, 465, 5.0]
[10159405, 10163632, 4227, 105.0]
[10197847, 10201612, 3765, 104.0]
[10205788, 10209349, 3561, 104.0]
[10218208, 10221512, 3304, 99.0]
[10226960, 10227463, 503, 105.0]
[10240139, 10241102, 963, 104.0]
[10269468, 10271202, 1734, 103.0]
[10276008, 10277295, 1287, 103.0]
[10282830, 10284501, 1671, 104.0]
[10288168, 10289053, 885, 105.0]
[10329197, 10330466, 1269, 106.0]
[10343165, 10343528, 363, 100.0]
[10348104, 10349739, 1635, 103.0]
[10357721, 10358052, 331, 95.0]
[10378145, 10379604, 1459, 103.0]
[10383904, 10384115, 211, 106.0]
[10427103, 10428401, 1298, 104.0]
[10430453, 10440612, 10159, 104.0]
[10463816, 10465883, 2067, 145.0]
[10472553, 10474378, 1825, 105.0]
[10481732, 10483071, 1339, 105.0]
[10496786, 10500719, 3933, 103.0]
[10503902, 10505403, 1501, 103.0]
[10507541, 10511581, 4040, 104.0]
[10517714, 10521580, 3866, 105.0]
[10535366, 10535702, 336, 95.0]
[11025766, 11026048, 282, 144.0]
[11076873, 11078560, 1687, 103.0]
[11100698, 11104651, 3953, 105.0]
[11117036, 11117431, 395, 101.0]
[11127931, 11128571, 640, 106.0]
[11165283, 11171604, 6321, 104.0]
[11179537, 11180030, 493, 100.0]
[11195618, 11198053, 2435, 102.0]
[11200369, 11207366, 6997, 105.0]
[11211825, 11215431, 3606, 104.0]
[11229400, 11231033, 1633, 104.0]
[11234216, 11236873, 2657, 103.0]
[11265475, 11266697, 1222, 105.0]
[11281751, 11282933, 1182, 104.0]
[11316635, 11316743, 108, 87.0]
[11320321, 11320891, 570, 93.0]
[11321697, 11323384, 1687, 101.0]
[11328458, 11329261, 803, 102.0]
[11329276, 11332866, 3590, 152.0]
[11337609, 11339814, 2205, 164.0]
[11372366, 11373782, 1416, 103.0]
[11381116, 11382428, 1312, 103.0]
[11390782, 11391510, 728, 94.0]
[12016216, 12017632, 1416, 105.0]
[12020334, 12020866, 532, 104.0]
[12023603, 12024569, 966, 104.0]
[12028923, 12033205, 4282, 104.0]
[12038781, 12044572, 5791, 103.0]
[12051968, 12052417, 449, 99.0]
[12056616, 12057280, 664, 92.0]
[12095466, 12097987, 2521, 104.0]
[12100978, 12101093, 115, 109.0]
[12106416, 12109776, 3360, 104.0]
[12114468, 12116993, 2525, 102.0]
[12122186, 12123560, 1374, 101.0]
[12126878, 12128446, 1568, 104.0]
[12134611, 12136077, 1466, 159.0]
[12140725, 12140961, 236, 92.0]
[12162858, 12166718, 3860, 105.0]
[12204213, 12205574, 1361, 104.0]
[12239201, 12240112, 911, 98.0]
[12252823, 12253690, 867, 104.0]
[12259454, 12260998, 1544, 89.0]
[12261542, 12263372, 1830, 103.0]
[12271913, 12272944, 1031, 101.0]
[12275741, 12278284, 2543, 103.0]
[12278646, 12279507, 861, 103.0]
[12281500, 12282494, 994, 103.0]
[12293204, 12296992, 3788, 95.0]
[12304065, 12305581, 1516, 104.0]
[12324540, 12326258, 1718, 105.0]
[12330124, 12330398, 274, 106.0]
[12330804, 12331237, 433, 90.0]
[12348307, 12349144, 837, 103.0]
[12362317, 12362757, 440, 101.0]
[12363216, 12363729, 513, 106.0]
[12402490, 12403598, 1108, 94.0]
[12447416, 12447692, 276, 128.0]
[12456515, 12457155, 640, 102.0]
[12482250, 12483055, 805, 101.0]
[12490226, 12490869, 643, 103.0]
[12512863, 12513398, 535, 101.0]
[12514913, 12515870, 957, 104.0]
[12518102, 12518687, 585, 107.0]
[12542823, 12544362, 1539, 104.0]
[12546915, 12547418, 503, 101.0]
[12549273, 12553391, 4118, 109.0]
[12569530, 12577083, 7553, 104.0]
[12591870, 12593849, 1979, 105.0]
[12602275, 12605506, 3231, 104.0]
[12614998, 12618151, 3153, 104.0]
[12629086, 12630334, 1248, 94.0]
[12643129, 12648663, 5534, 71.0]
[12663169, 12664190, 1021, 6.0]
[12677165, 12677465, 300, 104.0]
[12685257, 12685598, 341, 102.0]
[12690547, 12690762, 215, 95.0]
[12818594, 12822868, 4274, 104.0]
[12826792, 12828556, 1764, 106.0]
[12876987, 12877402, 415, 192.0]
[12882386, 12885644, 3258, 105.0]
[12890133, 12898566, 8433, 104.0]
[12916726, 12918061, 1335, 104.0]
[12921662, 12922782, 1120, 104.0]
[12927042, 12930795, 3753, 103.0]
[12941212, 12941322, 110, 96.0]
[12968715, 12968961, 246, 81.0]
[13008539, 13010598, 2059, 99.0]
[13025014, 13027832, 2818, 105.0]
[13039313, 13042553, 3240, 104.0]
[13044073, 13045731, 1658, 143.0]
[13046125, 13046459, 334, 96.0]
[13049431, 13049922, 491, 101.0]
[13056979, 13059013, 2034, 105.0]
[13060620, 13065450, 4830, 104.0]
[13066482, 13066613, 131, 100.0]
[13067341, 13067577, 236, 98.0]
[13090281, 13092466, 2185, 104.0]
[13129583, 13131660, 2077, 104.0]
[13137257, 13139584, 2327, 104.0]
[13140265, 13143100, 2835, 104.0]
[13183669, 13184384, 715, 92.0]
[13188335, 13189143, 808, 105.0]
[13193485, 13194776, 1291, 101.0]
[13201994, 13202276, 282, 85.0]
[13212015, 13213336, 1321, 104.0]
[13215749, 13216270, 521, 102.0]
[13220537, 13220641, 104, 95.0]
[13224256, 13229239, 4983, 102.0]
[13251310, 13259841, 8531, 100.0]
[13261714, 13263449, 1735, 105.0]
[13274882, 13278063, 3181, 103.0]
[13279913, 13280068, 155, 91.0]
[13299090, 13299309, 219, 69.0]
[13321690, 13322067, 377, 107.0]
[13326335, 13328380, 2045, 103.0]
[13344172, 13346519, 2347, 101.0]
[13360723, 13361052, 329, 103.0]
[13365800, 13367089, 1289, 106.0]
[13376997, 13377828, 831, 110.0]
[13393683, 13395100, 1417, 104.0]
[13395632, 13400283, 4651, 104.0]
[13409315, 13409767, 452, 102.0]
[13434176, 13435647, 1471, 105.0]
[13446665, 13446953, 288, 70.0]
[13456531, 13459084, 2553, 103.0]
[13460020, 13463902, 3882, 104.0]
[13465115, 13465380, 265, 101.0]
[13474478, 13478117, 3639, 104.0]
[13479705, 13485548, 5843, 62.0]
[13494545, 13496175, 1630, 103.0]
[13509424, 13511298, 1874, 103.0]
[13530265, 13532128, 1863, 103.0]
[13549004, 13552127, 3123, 52.0]
[13554589, 13556901, 2312, 101.0]
[13597714, 13603023, 5309, 104.0]
[13608783, 13612438, 3655, 104.0]
[13614370, 13614541, 171, 98.0]
[13633601, 13634334, 733, 98.0]
[13634900, 13638117, 3217, 104.0]
[13674403, 13674672, 269, 78.0]
[13691444, 13691609, 165, 112.0]
[13702299, 13705099, 2800, 104.0]
[13707912, 13708956, 1044, 104.0]
[13723893, 13724444, 551, 101.0]
[13728373, 13729943, 1570, 103.0]
[13731648, 13733170, 1522, 105.0]
[13736416, 13744333, 7917, 104.0]
[13747433, 13750244, 2811, 103.0]
[13764169, 13769294, 5125, 104.0]
[13779782, 13783821, 4039, 104.0]
[13799357, 13808371, 9014, 170.0]
[13823598, 13825468, 1870, 103.0]
[13845025, 13846205, 1180, 104.0]
[13850189, 13854542, 4353, 105.0]
[13858412, 13859672, 1260, 102.0]
[13859763, 13861532, 1769, 106.0]
[13875503, 13875898, 395, 102.0]
[13939110, 13947586, 8476, 105.0]
[13948018, 13948898, 880, 105.0]
[13964170, 13965980, 1810, 104.0]
[13974251, 13975345, 1094, 104.0]
[13978540, 13978808, 268, 95.0]
[13979146, 13980077, 931, 100.0]
[13997214, 13998825, 1611, 163.0]
[14002481, 14003369, 888, 103.0]
[14005823, 14007197, 1374, 101.0]
[14032823, 14033178, 355, 95.0]
[14044514, 14047153, 2639, 104.0]
[14054995, 14057184, 2189, 104.0]
[14080705, 14082900, 2195, 104.0]
[14091499, 14093807, 2308, 103.0]
[14095089, 14097073, 1984, 94.0]
[14132411, 14132986, 575, 104.0]
[14157772, 14158429, 657, 103.0]
[14159452, 14166642, 7190, 105.0]
[14172289, 14173816, 1527, 105.0]
[14190457, 14190828, 371, 96.0]
[14198798, 14199171, 373, 105.0]
[14225700, 14226651, 951, 100.0]
[14255002, 14268305, 13303, 111.0]
[14305147, 14306317, 1170, 104.0]
[14306337, 14307279, 942, 104.0]
[14323670, 14325671, 2001, 103.0]
[14331745, 14332193, 448, 101.0]
[14332382, 14334310, 1928, 104.0]
[14337075, 14339234, 2159, 102.0]
[14347751, 14354032, 6281, 105.0]
[14364194, 14365356, 1162, 96.0]
[14403111, 14405349, 2238, 104.0]
[14407763, 14409209, 1446, 103.0]
[14447480, 14448008, 528, 105.0]
[14458341, 14459216, 875, 98.0]
[14459587, 14460648, 1061, 95.0]
[14480624, 14485758, 5134, 104.0]
[14505501, 14507393, 1892, 103.0]
[14512342, 14514085, 1743, 103.0]
[14527777, 14535140, 7363, 104.0]
[14539442, 14540850, 1408, 104.0]
[14547947, 14548451, 504, 101.0]
[14571624, 14572007, 383, 97.0]
[14574157, 14577988, 3831, 103.0]
[14605503, 14606179, 676, 95.0]
[14606590, 14607449, 859, 99.0]
[14624483, 14627096, 2613, 104.0]
[14649893, 14650058, 165, 117.0]
[14675535, 14676540, 1005, 69.0]
[14682565, 14684048, 1483, 104.0]
[14706805, 14707045, 240, 91.0]
[14722841, 14723635, 794, 100.0]
[14737400, 14742423, 5023, 105.0]
[14757461, 14758228, 767, 105.0]
[14761524, 14762760, 1236, 103.0]
[14788647, 14789271, 624, 101.0]
[14809497, 14809894, 397, 192.0]
[14815001, 14815637, 636, 104.0]
[14817205, 14824240, 7035, 104.0]
[14825457, 14825620, 163, 105.0]
[14830539, 14830990, 451, 61.0]
[14833548, 14834958, 1410, 104.0]
[14849220, 14851103, 1883, 99.0]
[14857214, 14858357, 1143, 103.0]
[14862390, 14864233, 1843, 106.0]
[14887482, 14890510, 3028, 104.0]
[14907560, 14908305, 745, 103.0]
[14913542, 14913977, 435, 100.0]
[14918805, 14921799, 2994, 103.0]
[14929991, 14930214, 223, 83.0]
[14943478, 14943591, 113, 83.0]
[14950533, 14954845, 4312, 105.0]
[14976221, 14978056, 1835, 104.0]
[14978301, 14980785, 2484, 103.0]
[15000000, 15006401, 6401, 105.0]
[15008337, 15011541, 3204, 105.0]
[15033504, 15036482, 2978, 183.0]
[15036487, 15036702, 215, 184.0]
[15036709, 15037251, 542, 183.0]
[15037255, 15038267, 1012, 183.0]
[15066623, 15067045, 422, 104.0]
[15078901, 15079260, 359, 95.0]
[15138548, 15139537, 989, 103.0]
[15142595, 15144419, 1824, 105.0]
[15164069, 15165010, 941, 104.0]
[15179043, 15181736, 2693, 105.0]
[15182932, 15183284, 352, 107.0]
[15185093, 15185468, 375, 90.0]
[15188155, 15191159, 3004, 101.0]
[15206209, 15207500, 1291, 101.0]
[15211725, 15213689, 1964, 103.0]
[15219307, 15219681, 374, 103.0]
[15227713, 15230141, 2428, 105.0]
[15254258, 15255993, 1735, 104.0]
[15273848, 15273956, 108, 80.0]
[15279404, 15280411, 1007, 103.0]
[15281454, 15288017, 6563, 105.0]
[15290595, 15293596, 3001, 99.0]
[15302084, 15307379, 5295, 104.0]
[15350339, 15351232, 893, 104.0]
[15351812, 15351949, 137, 83.0]
[15356512, 15359989, 3477, 104.0]
[15376086, 15378743, 2657, 104.0]
[15382962, 15385289, 2327, 104.0]
[15390491, 15394475, 3984, 104.0]
[15396438, 15397638, 1200, 105.0]
[15399698, 15402593, 2895, 104.0]
[15403542, 15412340, 8798, 105.0]
[15420025, 15420152, 127, 95.0]
[15420345, 15422089, 1744, 103.0]
[15473422, 15475567, 2145, 104.0]
[15478637, 15479406, 769, 101.0]
[15484600, 15485462, 862, 95.0]
[15486302, 15487629, 1327, 103.0]
[15507972, 15509369, 1397, 104.0]
[15516881, 15519607, 2726, 148.0]
[15520995, 15522484, 1489, 105.0]
[15528821, 15530388, 1567, 103.0]
[15532203, 15532880, 677, 104.0]
[15539151, 15541969, 2818, 104.0]
[15544844, 15545911, 1067, 106.0]
[15551311, 15552936, 1625, 103.0]
[15560335, 15561994, 1659, 106.0]
[15566157, 15573374, 7217, 105.0]
[15586716, 15587397, 681, 102.0]
[15590827, 15595362, 4535, 105.0]
[15603467, 15604201, 734, 101.0]
[15606213, 15609827, 3614, 103.0]
[15612370, 15614571, 2201, 104.0]
[15643413, 15644234, 821, 97.0]
[15644582, 15646293, 1711, 105.0]
[15646581, 15647103, 522, 148.0]
[15659702, 15659992, 290, 91.0]
[15662106, 15666063, 3957, 104.0]
[15666266, 15666669, 403, 95.0]
[15675263, 15675731, 468, 103.0]
[15697998, 15698104, 106, 86.0]
[15736152, 15738309, 2157, 104.0]
[15745511, 15746513, 1002, 104.0]
[15766377, 15769199, 2822, 104.0]
[15776712, 15778027, 1315, 103.0]
[15791779, 15793493, 1714, 103.0]
[15795216, 15795765, 549, 105.0]
[15807224, 15807663, 439, 100.0]
[15839561, 15841019, 1458, 104.0]
[15862519, 15862877, 358, 102.0]
[15869040, 15871031, 1991, 43.0]
[15879441, 15879789, 348, 105.0]
[15900236, 15900478, 242, 96.0]
[15900716, 15901850, 1134, 104.0]
[15921287, 15921566, 279, 102.0]
[15930555, 15931625, 1070, 105.0]
[15936636, 15938726, 2090, 102.0]
[15962220, 15965605, 3385, 89.0]
[15995499, 15998636, 3137, 105.0]
[16015686, 16016013, 327, 105.0]
[16032975, 16036773, 3798, 105.0]
[16050722, 16052224, 1502, 104.0]
[16056528, 16059972, 3444, 104.0]
[16078859, 16079530, 671, 104.0]
[16117305, 16125968, 8663, 65.0]
[16140348, 16142586, 2238, 105.0]
[16148336, 16151696, 3360, 105.0]
[16170683, 16184999, 14316, 52.0]
[16185292, 16188297, 3005, 105.0]
[16201463, 16209863, 8400, 104.0]
[16211719, 16213277, 1558, 103.0]
[16254115, 16254392, 277, 104.0]
[16256606, 16259936, 3330, 105.0]
[16272002, 16273532, 1530, 102.0]
[16275083, 16275520, 437, 102.0]
[16291446, 16292865, 1419, 76.0]
[16343741, 16345401, 1660, 104.0]
[16346349, 16354747, 8398, 105.0]
[16371177, 16372906, 1729, 104.0]
[16378442, 16379296, 854, 103.0]
[16414597, 16418373, 3776, 104.0]
[16419479, 16420978, 1499, 103.0]
[16426529, 16428489, 1960, 102.0]
[16429985, 16430787, 802, 104.0]
[16443594, 16447078, 3484, 104.0]
[16449771, 16452533, 2762, 104.0]
[16471450, 16473242, 1792, 105.0]
[16483844, 16483981, 137, 94.0]
[16490665, 16499153, 8488, 62.0]
[16501574, 16502017, 443, 106.0]
[16530683, 16531582, 899, 103.0]
[16546596, 16548473, 1877, 104.0]
[16549574, 16551684, 2110, 103.0]
[16567536, 16570610, 3074, 104.0]
[16575707, 16575809, 102, 109.0]
[16580496, 16581667, 1171, 104.0]
[16582185, 16582677, 492, 94.0]
[16600988, 16603142, 2154, 93.0]
[16603887, 16607075, 3188, 102.0]
[16607766, 16608916, 1150, 104.0]
[16634986, 16638061, 3075, 68.0]
[16677041, 16680951, 3910, 103.0]
[16701989, 16707710, 5721, 105.0]
[16731341, 16731709, 368, 107.0]
[16776011, 16778013, 2002, 103.0]
[16810205, 16810782, 577, 105.0]
[16825843, 16829598, 3755, 105.0]
[16845390, 16845978, 588, 105.0]
[16860539, 16862761, 2222, 105.0]
[16869919, 16873114, 3195, 103.0]
[16880207, 16880328, 121, 94.0]
[16891322, 16892717, 1395, 103.0]
[16906877, 16909047, 2170, 105.0]
[16932714, 16933459, 745, 106.0]
[16933757, 16936555, 2798, 104.0]
[16950042, 16951444, 1402, 103.0]
[16952226, 16952690, 464, 106.0]
[16962266, 16963573, 1307, 99.0]
[16964432, 16966592, 2160, 105.0]
[16982514, 16986620, 4106, 98.0]
[16986682, 16987695, 1013, 104.0]
[16990440, 16991471, 1031, 103.0]
[16998434, 16998926, 492, 91.0]
[17001610, 17003597, 1987, 100.0]
[17015492, 17016039, 547, 105.0]
[17031418, 17032494, 1076, 102.0]
[17076482, 17080084, 3602, 105.0]
[17102004, 17104869, 2865, 104.0]
[17121601, 17122143, 542, 100.0]
[17124514, 17125181, 667, 102.0]
[17127009, 17127433, 424, 100.0]
[17144133, 17145371, 1238, 100.0]
[17174820, 17175222, 402, 100.0]
[17186350, 17187202, 852, 106.0]
[17188541, 17191532, 2991, 103.0]
[17191844, 17192808, 964, 99.0]
[17203344, 17203593, 249, 102.0]
[17211381, 17211731, 350, 104.0]
[17215311, 17217973, 2662, 104.0]
[17226324, 17232087, 5763, 104.0]
[17234078, 17236045, 1967, 103.0]
[17239641, 17240098, 457, 105.0]
[17241232, 17242728, 1496, 103.0]
[17244920, 17246153, 1233, 103.0]
[17247971, 17250779, 2808, 104.0]
[17254202, 17255258, 1056, 102.0]
[17256964, 17257187, 223, 88.0]
[17264613, 17265300, 687, 103.0]
[17279860, 17280828, 968, 104.0]
[17305833, 17309512, 3679, 104.0]
[17344801, 17348868, 4067, 105.0]
[17368530, 17379763, 11233, 113.0]
[17384534, 17386967, 2433, 103.0]
[17391290, 17392080, 790, 104.0]
[17397077, 17401707, 4630, 104.0]
[17407567, 17409435, 1868, 104.0]
[17412316, 17413633, 1317, 101.0]
[17426215, 17426551, 336, 100.0]
[17428268, 17428673, 405, 65.0]
[17473406, 17476484, 3078, 71.0]
[17489869, 17490409, 540, 94.0]
[17492153, 17492309, 156, 87.0]
[17496251, 17508913, 12662, 56.0]
[17512282, 17513830, 1548, 101.0]
[17518378, 17523609, 5231, 105.0]
[17548448, 17549014, 566, 100.0]
[17551543, 17551909, 366, 96.0]
[17563264, 17565028, 1764, 102.0]
[17602835, 17603118, 283, 90.0]
[17612083, 17615726, 3643, 82.0]
[17619829, 17620300, 471, 92.0]
[17629796, 17632452, 2656, 104.0]
[17649948, 17650088, 140, 100.0]
[17657463, 17658827, 1364, 103.0]
[17665896, 17667249, 1353, 113.0]
[17681069, 17682501, 1432, 103.0]
[17729138, 17730285, 1147, 105.0]
[17740213, 17742185, 1972, 105.0]
[17743907, 17746207, 2300, 101.0]
[17749172, 17749298, 126, 146.0]
[17750429, 17751741, 1312, 104.0]
[17775411, 17776245, 834, 105.0]
[17778052, 17782431, 4379, 79.0]
[17808718, 17810636, 1918, 104.0]
[17836241, 17836733, 492, 101.0]
[17844069, 17844287, 218, 187.0]
[17847054, 17847366, 312, 95.0]
[17847595, 17848428, 833, 75.0]
[17864622, 17871388, 6766, 104.0]
[17871947, 17873284, 1337, 105.0]
[17910386, 17912118, 1732, 104.0]
[17944779, 17944991, 212, 93.0]
[17975149, 17977187, 2038, 105.0]
[17984649, 17985935, 1286, 104.0]
[17996517, 17998001, 1484, 102.0]
[18026929, 18027603, 674, 103.0]
[18044318, 18047135, 2817, 103.0]
[18049196, 18050346, 1150, 103.0]
[18084774, 18085915, 1141, 105.0]
[18105084, 18105462, 378, 106.0]
[18113219, 18114590, 1371, 102.0]
[18118022, 18119663, 1641, 104.0]
[18125081, 18125907, 826, 104.0]
[18129686, 18142418, 12732, 105.0]
[18144491, 18144922, 431, 101.0]
[18146203, 18147797, 1594, 105.0]
[18151076, 18156850, 5774, 105.0]
[18159842, 18160055, 213, 68.0]
[18175575, 18175762, 187, 107.0]
[18178784, 18179656, 872, 106.0]
[18191581, 18193064, 1483, 103.0]
[18203625, 18206200, 2575, 137.0]
[18212506, 18212935, 429, 184.0]
[18228517, 18229830, 1313, 102.0]
[18236653, 18239854, 3201, 104.0]
[18249712, 18250044, 332, 78.0]
[18257884, 18258049, 165, 100.0]
[18274271, 18274469, 198, 91.0]
[18276371, 18277261, 890, 107.0]
[18308895, 18310981, 2086, 105.0]
[18330205, 18333391, 3186, 104.0]
[18335424, 18337063, 1639, 105.0]
[18344428, 18345994, 1566, 105.0]
[18368554, 18373351, 4797, 32.0]
[18374272, 18376184, 1912, 99.0]
[18379805, 18380597, 792, 102.0]
[18386414, 18386568, 154, 109.0]
[18394382, 18396447, 2065, 102.0]
[18403219, 18405817, 2598, 105.0]
[18407919, 18410116, 2197, 104.0]
[18419387, 18420105, 718, 101.0]
[18423266, 18424596, 1330, 108.0]
[18436724, 18437799, 1075, 101.0]
[18463111, 18463653, 542, 103.0]
[18466318, 18467702, 1384, 103.0]
[18472125, 18473336, 1211, 104.0]
[18480517, 18481469, 952, 103.0]
[18481659, 18486558, 4899, 102.0]
[18501510, 18505030, 3520, 103.0]
[18527164, 18527673, 509, 101.0]
[18547287, 18548544, 1257, 101.0]
[18551394, 18551595, 201, 88.0]
[18571228, 18572516, 1288, 105.0]
[18590403, 18594280, 3877, 105.0]
[18600697, 18600889, 192, 96.0]
[18619058, 18619997, 939, 103.0]
[18621662, 18622868, 1206, 103.0]
[18639919, 18643729, 3810, 104.0]
[18651484, 18653252, 1768, 104.0]
[18661767, 18664438, 2671, 103.0]
[18670302, 18676569, 6267, 104.0]
[18687853, 18694961, 7108, 97.0]
[18728286, 18730847, 2561, 104.0]
[18742585, 18745580, 2995, 104.0]
[18761852, 18763155, 1303, 104.0]
[18809096, 18809648, 552, 103.0]
[18852181, 18854113, 1932, 102.0]
[18875554, 18876639, 1085, 104.0]
[18909059, 18909379, 320, 188.0]
[18934896, 18942623, 7727, 104.0]
[18949307, 18950516, 1209, 104.0]
[18969788, 18971280, 1492, 102.0]
[18973180, 18973333, 153, 101.0]
[18976136, 18977551, 1415, 105.0]
[19009246, 19011094, 1848, 99.0]
[19061432, 19062608, 1176, 102.0]
[19067871, 19069200, 1329, 106.0]
[19077738, 19081990, 4252, 104.0]
[19087946, 19092403, 4457, 104.0]
[19105923, 19108634, 2711, 104.0]
[19109639, 19110623, 984, 104.0]
[19118881, 19121038, 2157, 104.0]
[19149971, 19151065, 1094, 105.0]
[19164942, 19167628, 2686, 105.0]
[19188303, 19196143, 7840, 105.0]
[19199129, 19199259, 130, 103.0]
[19200096, 19203729, 3633, 105.0]
[19216020, 19220329, 4309, 104.0]
[19224531, 19224964, 433, 56.0]
[19272761, 19277859, 5098, 104.0]
[19279444, 19279723, 279, 95.0]
[19299496, 19300286, 790, 102.0]
[19317068, 19317633, 565, 99.0]
[19335128, 19335625, 497, 105.0]
[19342173, 19342649, 476, 105.0]
[19344480, 19346086, 1606, 103.0]
[19352098, 19353981, 1883, 105.0]
[19377525, 19378387, 862, 103.0]
[19387088, 19390242, 3154, 105.0]
[19404409, 19404847, 438, 87.0]
[19420213, 19439648, 19435, 90.0]
[19446027, 19447759, 1732, 104.0]
[19456933, 19457919, 986, 101.0]
[19461778, 19462835, 1057, 100.0]
[19472171, 19475526, 3355, 104.0]
[19481571, 19482184, 613, 102.0]
[19492893, 19494627, 1734, 104.0]
[19500828, 19501402, 574, 102.0]
[19502611, 19505227, 2616, 105.0]
[19510139, 19510588, 449, 101.0]
[19513827, 19515335, 1508, 105.0]
[19527252, 19527420, 168, 100.0]
[19531015, 19531215, 200, 93.0]
[19535358, 19536496, 1138, 104.0]
[19538108, 19538269, 161, 81.0]
[19540051, 19540769, 718, 103.0]
[19574778, 19575338, 560, 100.0]
[19628299, 19628668, 369, 94.0]
[19641092, 19643459, 2367, 101.0]
[19656352, 19658309, 1957, 104.0]
[19666519, 19667428, 909, 103.0]
[19687545, 19701900, 14355, 104.0]
[19709149, 19710984, 1835, 103.0]
[19723149, 19726410, 3261, 103.0]
[19758189, 19759201, 1012, 105.0]
[19765315, 19765935, 620, 103.0]
[19783310, 19784716, 1406, 103.0]
[19796102, 19800844, 4742, 104.0]
[19803161, 19805043, 1882, 105.0]
[19816833, 19818210, 1377, 102.0]
[19820961, 19823858, 2897, 104.0]
[19825071, 19825431, 360, 102.0]
[19835215, 19835784, 569, 152.0]
[19846775, 19847922, 1147, 105.0]
[19849382, 19850286, 904, 104.0]
[19867951, 19868919, 968, 104.0]
[19875072, 19875966, 894, 101.0]
[19876526, 19878092, 1566, 99.0]
[19882085, 19885533, 3448, 104.0]
[19919181, 19919587, 406, 106.0]
[19938217, 19939710, 1493, 103.0]
[19959199, 19961856, 2657, 105.0]
[19971872, 19972302, 430, 105.0]
[19975721, 19976960, 1239, 102.0]
[19980382, 19980593, 211, 94.0]
[19990213, 20002452, 12239, 105.0]
[20004257, 20008860, 4603, 103.0]
[20019667, 20033927, 14260, 90.0]
[20038134, 20039613, 1479, 108.0]
[20047267, 20047667, 400, 164.0]
[20055100, 20060255, 5155, 105.0]
[20061657, 20068704, 7047, 105.0]
[20074844, 20075472, 628, 104.0]
[20077792, 20078375, 583, 5.0]
[20090904, 20096876, 5972, 63.0]
[20105729, 20108268, 2539, 106.0]
[20111320, 20113437, 2117, 104.0]
[20122129, 20124527, 2398, 104.0]
[20124790, 20128808, 4018, 105.0]
[20129122, 20130754, 1632, 104.0]
[20141724, 20144962, 3238, 103.0]
[20146008, 20152669, 6661, 105.0]
[20163971, 20167524, 3553, 106.0]
[20189007, 20189214, 207, 92.0]
[20204130, 20210499, 6369, 59.0]
[20213246, 20213819, 573, 106.0]
[20225161, 20226777, 1616, 62.0]
[20228027, 20231045, 3018, 106.0]
[20253046, 20256967, 3921, 105.0]
[20277801, 20278156, 355, 104.0]
[20316166, 20317510, 1344, 100.0]
[20321631, 20323808, 2177, 105.0]
[20324825, 20325017, 192, 52.0]
[20328315, 20330421, 2106, 105.0]
[20338569, 20339550, 981, 105.0]
[20347854, 20349867, 2013, 103.0]
[20364185, 20364595, 410, 107.0]
[20370273, 20370697, 424, 100.0]
[20372479, 20372865, 386, 97.0]
[20378862, 20380550, 1688, 103.0]
[20392359, 20395441, 3082, 76.0]
[20395919, 20396325, 406, 80.0]
[20412793, 20414224, 1431, 103.0]
[20415315, 20421006, 5691, 104.0]
[20424555, 20426519, 1964, 104.0]
[20428616, 20431179, 2563, 76.0]
[20432170, 20432645, 475, 104.0]
[20441358, 20441949, 591, 103.0]
[20475921, 20477478, 1557, 104.0]
[20491382, 20495255, 3873, 104.0]
[20502612, 20503538, 926, 103.0]
[20528187, 20529167, 980, 104.0]
[20600632, 20610414, 9782, 105.0]
[20612135, 20614768, 2633, 105.0]
[20642188, 20645667, 3479, 104.0]
[20648993, 20651689, 2696, 102.0]
[20661180, 20663715, 2535, 105.0]
[20678065, 20678487, 422, 105.0]
[20698872, 20703164, 4292, 104.0]
[20704387, 20710697, 6310, 105.0]
[20719169, 20721469, 2300, 105.0]
[20749448, 20756109, 6661, 105.0]
[20773138, 20776995, 3857, 105.0]
[20796913, 20800913, 4000, 116.0]
[20803575, 20805824, 2249, 106.0]
[20811779, 20815553, 3774, 104.0]
[20833157, 20835242, 2085, 158.0]
[20844019, 20844382, 363, 102.0]
[20942760, 20944587, 1827, 106.0]
[20958131, 20962032, 3901, 104.0]
[20966776, 20966917, 141, 96.0]
[20968076, 20972110, 4034, 102.0]
[20982661, 20987789, 5128, 104.0]
