[13319, 13569, 250]
[17867, 17976, 109]
[20530, 22143, 1613]
[28775, 29130, 355]
[32195, 32598, 403]
[41251, 41390, 139]
[42199, 42574, 375]
[66978, 67905, 927]
[95139, 95633, 494]
[96992, 97671, 679]
[102785, 104908, 2123]
[105763, 106073, 310]
[118853, 119466, 613]
[120175, 120323, 148]
[124731, 125940, 1209]
[128084, 128283, 199]
[134074, 134463, 389]
[143527, 145179, 1652]
[179709, 180895, 1186]
[199570, 203228, 3658]
[203669, 207973, 4304]
[232210, 233317, 1107]
[237095, 241484, 4389]
[262662, 263974, 1312]
[283240, 283546, 306]
[301960, 303221, 1261]
[307428, 310317, 2889]
[320806, 323650, 2844]
[340939, 342647, 1708]
[350791, 352958, 2167]
[362752, 366134, 3382]
[378301, 380967, 2666]
[412832, 413423, 591]
[445183, 447263, 2080]
[457793, 458563, 770]
[465614, 465965, 351]
[483275, 483450, 175]
[485066, 488046, 2980]
[493191, 494855, 1664]
[502808, 505595, 2787]
[508038, 511055, 3017]
[534308, 541151, 6843]
[579360, 582229, 2869]
[584874, 586671, 1797]
[589706, 590188, 482]
[594905, 596128, 1223]
[607074, 608073, 999]
[658823, 660774, 1951]
[690365, 690577, 212]
[693871, 694037, 166]
[694398, 699823, 5425]
[703011, 706114, 3103]
[715462, 719656, 4194]
[772401, 773726, 1325]
[802350, 807811, 5461]
[809016, 809137, 121]
[837545, 838686, 1141]
[851547, 854193, 2646]
[883697, 884507, 810]
[892024, 895136, 3112]
[901819, 902086, 267]
[921601, 921708, 107]
[1000487, 1000922, 435]
[1025595, 1028513, 2918]
[1030095, 1030248, 153]
[1046685, 1048728, 2043]
[1053755, 1056537, 2782]
[1091538, 1092224, 686]
[1126497, 1127309, 812]
[1131361, 1133956, 2595]
[1158633, 1161219, 2586]
[1175168, 1175981, 813]
[1252258, 1252430, 172]
[1253854, 1255908, 2054]
[1261790, 1267075, 5285]
[1276575, 1277573, 998]
[1323186, 1330199, 7013]
[1333229, 1340411, 7182]
[1356514, 1356765, 251]
[1357711, 1358670, 959]
[1364797, 1366017, 1220]
[1389498, 1390930, 1432]
[1394554, 1394718, 164]
[1406541, 1406770, 229]
[1427859, 1428206, 347]
[1430399, 1431170, 771]
[1438735, 1439207, 472]
[1449631, 1450458, 827]
[1455086, 1456188, 1102]
[1462754, 1464834, 2080]
[1473255, 1474437, 1182]
[1474731, 1476544, 1813]
[1480571, 1481490, 919]
[1485083, 1485288, 205]
[1487570, 1490124, 2554]
[1498026, 1498510, 484]
[1506520, 1508049, 1529]
[1527129, 1530471, 3342]
[1545029, 1545183, 154]
[1598140, 1604394, 6254]
[1604593, 1607037, 2444]
[1607074, 1607643, 569]
[1613178, 1613862, 684]
[1615691, 1616823, 1132]
[1621040, 1621693, 653]
[1624099, 1624936, 837]
[2006055, 2009052, 2997]
[2014779, 2018520, 3741]
[2018712, 2020881, 2169]
[2029842, 2039007, 9165]
[2041025, 2043865, 2840]
[2044341, 2045437, 1096]
[2051188, 2051362, 174]
[2068181, 2068896, 715]
[2072093, 2073989, 1896]
[2079565, 2079679, 114]
[2080022, 2085214, 5192]
[2086216, 2086875, 659]
[2123390, 2125558, 2168]
[2143668, 2143899, 231]
[2173639, 2176000, 2361]
[2181630, 2182780, 1150]
[2193348, 2196573, 3225]
[2203814, 2204102, 288]
[2205565, 2208278, 2713]
[2229269, 2232500, 3231]
[2266719, 2267229, 510]
[2275490, 2277356, 1866]
[2282329, 2282568, 239]
[2300021, 2300140, 119]
[2310743, 2314396, 3653]
[2325073, 2325881, 808]
[2338143, 2340426, 2283]
[2369084, 2370919, 1835]
[2377371, 2378678, 1307]
[2399965, 2401598, 1633]
[2407958, 2412854, 4896]
[2424299, 2424910, 611]
[2431289, 2431869, 580]
[2458994, 2461546, 2552]
[2471795, 2471961, 166]
[2473840, 2473998, 158]
[2488512, 2488898, 386]
[2496892, 2498516, 1624]
[2534544, 2534817, 273]
[2538608, 2540737, 2129]
[2545127, 2546160, 1033]
[2555283, 2557686, 2403]
[2570051, 2571707, 1656]
[2579368, 2580783, 1415]
[2582025, 2585671, 3646]
[2592106, 2592813, 707]
[2609699, 2613299, 3600]
[2614716, 2615080, 364]
[2627680, 2628796, 1116]
[2658184, 2658378, 194]
[2659990, 2660766, 776]
[2666089, 2675688, 9599]
[2678750, 2682688, 3938]
[2697609, 2708125, 10516]
[2712560, 2713868, 1308]
[2735574, 2735984, 410]
[2744714, 2745298, 584]
[2747538, 2751339, 3801]
[2765386, 2767990, 2604]
[2768188, 2770164, 1976]
[2773855, 2774871, 1016]
[2795472, 2802110, 6638]
[2819208, 2819380, 172]
[2825315, 2825681, 366]
[2834080, 2835753, 1673]
[2862747, 2863260, 513]
[2878703, 2881880, 3177]
[2886913, 2887094, 181]
[2890551, 2893649, 3098]
[2897478, 2900319, 2841]
[2914078, 2915363, 1285]
[2968747, 2971183, 2436]
[2972287, 2977605, 5318]
[2981027, 2981256, 229]
[2986033, 2986237, 204]
[3009349, 3010048, 699]
[3017079, 3017692, 613]
[3077314, 3077653, 339]
[3091525, 3092215, 690]
[3093172, 3094814, 1642]
[3144429, 3144543, 114]
[3147985, 3149400, 1415]
[3160073, 3163267, 3194]
[3165104, 3169103, 3999]
[3178067, 3180247, 2180]
[3188320, 3193533, 5213]
[3211956, 3215636, 3680]
[3221266, 3221489, 223]
[3222874, 3224205, 1331]
[3228699, 3229931, 1232]
[3232859, 3234320, 1461]
[3264281, 3265240, 959]
[3265288, 3266396, 1108]
[3271869, 3272394, 525]
[3307684, 3308981, 1297]
[3311850, 3313267, 1417]
[3315196, 3315960, 764]
[3322985, 3323567, 582]
[3338452, 3341927, 3475]
[3346911, 3348464, 1553]
[3369826, 3372752, 2926]
[3391607, 3392378, 771]
[3396932, 3400152, 3220]
[3419438, 3420829, 1391]
[3455844, 3456735, 891]
[3483544, 3484410, 866]
[3488352, 3490380, 2028]
[3501719, 3506823, 5104]
[3525655, 3527646, 1991]
[3544934, 3546209, 1275]
[3550905, 3555210, 4305]
[3556920, 3563688, 6768]
[3582829, 3582968, 139]
[3587892, 3591509, 3617]
[3604414, 3604770, 356]
[3613006, 3620005, 6999]
[3624835, 3627047, 2212]
[3633937, 3635587, 1650]
[3656626, 3659853, 3227]
[3679643, 3682193, 2550]
[3691777, 3692220, 443]
[3700174, 3704944, 4770]
[3705011, 3705177, 166]
[3714598, 3722008, 7410]
[3724115, 3726406, 2291]
[3729294, 3729612, 318]
[3734727, 3734946, 219]
[3736458, 3736746, 288]
[3742421, 3744145, 1724]
[3750109, 3750712, 603]
[3763708, 3770040, 6332]
[3802031, 3803554, 1523]
[3806296, 3812188, 5892]
[3815974, 3818002, 2028]
[3823660, 3826528, 2868]
[3833137, 3835138, 2001]
[3853336, 3854489, 1153]
[3871682, 3872478, 796]
[3884903, 3892716, 7813]
[3894659, 3896329, 1670]
[3900688, 3901602, 914]
[3908436, 3911352, 2916]
[3913548, 3914888, 1340]
[3922377, 3923072, 695]
[3924522, 3926088, 1566]
[3948158, 3949329, 1171]
[3952195, 3960296, 8101]
[3961361, 3966334, 4973]
[3986921, 3992514, 5593]
[3998837, 3999988, 1151]
[4000113, 4000244, 131]
[4034027, 4034180, 153]
[4072288, 4074083, 1795]
[4084616, 4085244, 628]
[4086097, 4086551, 454]
[4087402, 4090996, 3594]
[4106066, 4106972, 906]
[4130068, 4132006, 1938]
[4136000, 4137223, 1223]
[4152656, 4152773, 117]
[4167466, 4168667, 1201]
[4217163, 4217581, 418]
[4221774, 4224068, 2294]
[4230506, 4231839, 1333]
[4239962, 4241095, 1133]
[4264235, 4266235, 2000]
[4268870, 4269343, 473]
[4291714, 4291969, 255]
[4315042, 4317747, 2705]
[4327738, 4328894, 1156]
[4348952, 4349221, 269]
[4355596, 4358209, 2613]
[4381332, 4382028, 696]
[4383259, 4385151, 1892]
[4387358, 4389595, 2237]
[4421467, 4421856, 389]
[4476107, 4477243, 1136]
[4497844, 4500173, 2329]
[4510455, 4514748, 4293]
[4524267, 4524945, 678]
[4553524, 4554669, 1145]
[4564573, 4567687, 3114]
[4585545, 4585654, 109]
[4597353, 4598542, 1189]
[4611247, 4611357, 110]
[4625397, 4627463, 2066]
[4633213, 4636780, 3567]
[4638546, 4640175, 1629]
[4641236, 4643365, 2129]
[4648541, 4648695, 154]
[4653957, 4654230, 273]
[4657575, 4657955, 380]
[4662063, 4662296, 233]
[4663079, 4668824, 5745]
[4669056, 4669281, 225]
[4671596, 4675219, 3623]
[4730916, 4732640, 1724]
[4733679, 4734081, 402]
[4736612, 4737528, 916]
[4741210, 4751867, 10657]
[4755585, 4757990, 2405]
[4763557, 4770142, 6585]
[4802844, 4803992, 1148]
[4821667, 4822712, 1045]
[4831786, 4832938, 1152]
[4836830, 4839046, 2216]
[4846121, 4846701, 580]
[4872381, 4873147, 766]
[4874383, 4876416, 2033]
[4880248, 4880869, 621]
[4898742, 4899042, 300]
[4903495, 4903906, 411]
[4905859, 4906664, 805]
[4913646, 4916422, 2776]
[4937058, 4937283, 225]
[4963986, 4965611, 1625]
[4967545, 4967876, 331]
[4999070, 4999999, 929]
[5001665, 5006391, 4726]
[5007784, 5008507, 723]
[5025491, 5026539, 1048]
[5034392, 5035770, 1378]
[5049410, 5053236, 3826]
[5064280, 5067092, 2812]
[5082025, 5084490, 2465]
[5086701, 5087873, 1172]
[5090971, 5092734, 1763]
[5140245, 5141402, 1157]
[5143714, 5144016, 302]
[5144429, 5146903, 2474]
[5153688, 5153887, 199]
[5155909, 5156845, 936]
[5176801, 5177185, 384]
[5197954, 5198424, 470]
[5206754, 5207581, 827]
[5211526, 5212802, 1276]
[5215962, 5217819, 1857]
[5217885, 5218577, 692]
[5226365, 5227950, 1585]
[5234067, 5234613, 546]
[5238004, 5238513, 509]
[5261424, 5264477, 3053]
[5271135, 5271254, 119]
[5279828, 5280001, 173]
[5286200, 5290078, 3878]
[5337864, 5338341, 477]
[5356302, 5357054, 752]
[5366900, 5369128, 2228]
[5386941, 5387131, 190]
[5396727, 5398954, 2227]
[5402345, 5409461, 7116]
[5417310, 5421285, 3975]
[5439162, 5441177, 2015]
[5441608, 5442728, 1120]
[5445528, 5446168, 640]
[5478914, 5481840, 2926]
[5504669, 5504979, 310]
[5513970, 5518044, 4074]
[5529066, 5531510, 2444]
[5536142, 5536448, 306]
[5550184, 5550463, 279]
[5560392, 5564304, 3912]
[5575172, 5577168, 1996]
[5591454, 5593327, 1873]
[5595132, 5596001, 869]
[5620592, 5622714, 2122]
[5641904, 5646420, 4516]
[5655786, 5656470, 684]
[5661629, 5662229, 600]
[5669634, 5672509, 2875]
[5677804, 5678890, 1086]
[5680046, 5683159, 3113]
[5685760, 5686115, 355]
[5736499, 5738403, 1904]
[5752657, 5753098, 441]
[5755946, 5759813, 3867]
[5767349, 5770346, 2997]
[5778171, 5780486, 2315]
[5795479, 5797611, 2132]
[5811733, 5811838, 105]
[5821113, 5822411, 1298]
[5830042, 5830305, 263]
[5836070, 5839338, 3268]
[5865224, 5865520, 296]
[5867707, 5868122, 415]
[5905485, 5910576, 5091]
[5912136, 5916554, 4418]
[5923513, 5924579, 1066]
[5942404, 5943063, 659]
[5953242, 5953941, 699]
[5987043, 5987740, 697]
[5989917, 5990269, 352]
[5995995, 5997332, 1337]
[6005181, 6005686, 505]
[6012571, 6016490, 3919]
[6021241, 6023174, 1933]
[6044921, 6045956, 1035]
[6053890, 6054520, 630]
[6070603, 6070793, 190]
[6074155, 6075174, 1019]
[6075358, 6077007, 1649]
[6079858, 6080592, 734]
[6086783, 6087005, 222]
[6113992, 6115190, 1198]
[6133522, 6136162, 2640]
[6137212, 6138115, 903]
[6189376, 6192035, 2659]
[6203558, 6204433, 875]
[6211823, 6212853, 1030]
[6228437, 6231069, 2632]
[6265773, 6272406, 6633]
[6281839, 6288526, 6687]
[6305444, 6305646, 202]
[6362723, 6363775, 1052]
[6391407, 6394070, 2663]
[6434230, 6434862, 632]
[6460450, 6461934, 1484]
[6462025, 6463350, 1325]
[6507093, 6511270, 4177]
[6512897, 6514081, 1184]
[6522072, 6523061, 989]
[6535072, 6536624, 1552]
[6558111, 6561745, 3634]
[6564681, 6566441, 1760]
[6577450, 6577757, 307]
[6585972, 6586340, 368]
[6615557, 6615871, 314]
[6636151, 6636726, 575]
[6645276, 6646325, 1049]
[6654431, 6654866, 435]
[6666554, 6669560, 3006]
[6679733, 6680419, 686]
[6698856, 6700397, 1541]
[6731894, 6736616, 4722]
[6784156, 6784284, 128]
[6805512, 6806054, 542]
[6826346, 6829404, 3058]
[6832672, 6834279, 1607]
[6842905, 6846675, 3770]
[6860827, 6861220, 393]
[6861554, 6864421, 2867]
[6879031, 6879178, 147]
[6881226, 6881833, 607]
[6886488, 6886880, 392]
[6909379, 6909481, 102]
[6933356, 6936644, 3288]
[6938886, 6943782, 4896]
[6947463, 6949694, 2231]
[6965894, 6966492, 598]
[6976960, 6978045, 1085]
[6993181, 6995563, 2382]
[7007242, 7007355, 113]
[7009143, 7011701, 2558]
[7015935, 7016889, 954]
[7056592, 7057691, 1099]
[7092972, 7095859, 2887]
[7101824, 7102129, 305]
[7149362, 7151943, 2581]
[7153757, 7154821, 1064]
[7179321, 7181182, 1861]
[7185984, 7188167, 2183]
[7290605, 7295769, 5164]
[7302646, 7303399, 753]
[7310352, 7312237, 1885]
[7328442, 7329335, 893]
[7375008, 7375195, 187]
[7383929, 7385138, 1209]
[7433702, 7435792, 2090]
[7462759, 7463414, 655]
[7479599, 7479879, 280]
[7491400, 7491866, 466]
[7511275, 7512044, 769]
[7514539, 7515463, 924]
[7520216, 7522954, 2738]
[7537849, 7541084, 3235]
[7582013, 7582970, 957]
[7614592, 7614977, 385]
[7646017, 7647736, 1719]
[7652425, 7652548, 123]
[7654701, 7658400, 3699]
[7659390, 7660912, 1522]
[7679565, 7685777, 6212]
[7709323, 7714236, 4913]
[7715025, 7717368, 2343]
[7725453, 7725936, 483]
[7736001, 7739850, 3849]
[7757604, 7759214, 1610]
[7760854, 7761517, 663]
[7783175, 7789223, 6048]
[7793119, 7797453, 4334]
[7827606, 7828115, 509]
[7846935, 7847588, 653]
[7847652, 7847959, 307]
[7849963, 7850100, 137]
[7853917, 7855422, 1505]
[7865487, 7866092, 605]
[7869711, 7869993, 282]
[7871435, 7874831, 3396]
[7880516, 7881355, 839]
[7894957, 7895089, 132]
[7938256, 7938531, 275]
[7939133, 7940765, 1632]
[7966331, 7967263, 932]
[8007411, 8008534, 1123]
[8028791, 8029442, 651]
[8047064, 8048151, 1087]
[8067838, 8068851, 1013]
[8070042, 8074375, 4333]
[8080887, 8082416, 1529]
[8109522, 8110141, 619]
[8145164, 8146090, 926]
[8146484, 8148140, 1656]
[8150993, 8151492, 499]
[8163617, 8164007, 390]
[8181837, 8182715, 878]
[8197540, 8197839, 299]
[8206251, 8208547, 2296]
[8212862, 8217443, 4581]
[8220970, 8221776, 806]
[8229636, 8232297, 2661]
[8238088, 8241887, 3799]
[8248320, 8249001, 681]
[8264232, 8264657, 425]
[8274487, 8274714, 227]
[8275438, 8276553, 1115]
[8287885, 8288182, 297]
[8291780, 8296531, 4751]
[8337543, 8338575, 1032]
[8351768, 8354413, 2645]
[8360882, 8365032, 4150]
[8379149, 8380555, 1406]
[8384336, 8385532, 1196]
[8387014, 8387295, 281]
[8390772, 8391329, 557]
[8408266, 8410683, 2417]
[8436451, 8436694, 243]
[8459854, 8460844, 990]
[8463599, 8465457, 1858]
[8477747, 8479488, 1741]
[8495428, 8502616, 7188]
[8505222, 8506374, 1152]
[8508581, 8511700, 3119]
[8512071, 8513252, 1181]
[8521427, 8522812, 1385]
[8526612, 8527742, 1130]
[8538030, 8541331, 3301]
[8554001, 8555906, 1905]
[8558163, 8560192, 2029]
[8560266, 8561126, 860]
[8570358, 8571361, 1003]
[8585834, 8586730, 896]
[8600412, 8601842, 1430]
[8607520, 8608204, 684]
[8609132, 8611163, 2031]
[8612341, 8612878, 537]
[8618293, 8621746, 3453]
[8650335, 8651121, 786]
[8660226, 8661971, 1745]
[8667830, 8667981, 151]
[8673787, 8673977, 190]
[8676546, 8680997, 4451]
[8687070, 8688249, 1179]
[8716161, 8719127, 2966]
[8730682, 8733601, 2919]
[8740351, 8740838, 487]
[8798933, 8801386, 2453]
[8802261, 8805077, 2816]
[8818168, 8818454, 286]
[8820954, 8825669, 4715]
[8830174, 8830404, 230]
[8841502, 8845605, 4103]
[8897979, 8903915, 5936]
[8907963, 8908371, 408]
[8918572, 8922452, 3880]
[8925807, 8929813, 4006]
[8931384, 8932527, 1143]
[8940981, 8942632, 1651]
[8957258, 8957513, 255]
[8963869, 8965006, 1137]
[8966552, 8969671, 3119]
[8994846, 8998633, 3787]
[9008988, 9011743, 2755]
[9022418, 9023810, 1392]
[9030721, 9031376, 655]
[9041318, 9041874, 556]
[9043505, 9045841, 2336]
[9049254, 9054863, 5609]
[9082392, 9083480, 1088]
[9084001, 9084276, 275]
[9087394, 9090036, 2642]
[9144884, 9145514, 630]
[9145966, 9146114, 148]
[9166411, 9167752, 1341]
[9170955, 9172395, 1440]
[9177707, 9178900, 1193]
[9195329, 9198925, 3596]
[9201539, 9201987, 448]
[9211618, 9212052, 434]
[9214574, 9215589, 1015]
[9222225, 9222713, 488]
[9230424, 9230936, 512]
[9236823, 9237388, 565]
[9241869, 9244819, 2950]
[9248067, 9251636, 3569]
[9254811, 9256537, 1726]
[9293307, 9294513, 1206]
[9302598, 9307808, 5210]
[9326537, 9327715, 1178]
[9334792, 9334935, 143]
[9335197, 9335436, 239]
[9344936, 9345067, 131]
[9350591, 9351825, 1234]
[9355319, 9355696, 377]
[9366239, 9368147, 1908]
[9370386, 9372740, 2354]
[9415345, 9417121, 1776]
[9418062, 9422372, 4310]
[9423225, 9423755, 530]
[9458663, 9458879, 216]
[9477218, 9477466, 248]
[9499929, 9500391, 462]
[9509601, 9510290, 689]
[9540729, 9542289, 1560]
[9563956, 9566920, 2964]
[9572259, 9576189, 3930]
[9584618, 9590577, 5959]
[9604993, 9605564, 571]
[9612889, 9613174, 285]
[9614184, 9616615, 2431]
[9619008, 9621271, 2263]
[9635465, 9638216, 2751]
[9641155, 9643704, 2549]
[9645147, 9645671, 524]
[9647716, 9649201, 1485]
[9656355, 9657104, 749]
[9697863, 9698018, 155]
[9744165, 9745723, 1558]
[9762055, 9768141, 6086]
[9785208, 9792239, 7031]
[9803857, 9807010, 3153]
[9857727, 9861217, 3490]
[9863436, 9864369, 933]
[9914374, 9918228, 3854]
[9921327, 9921448, 121]
[9931683, 9938540, 6857]
[9947298, 9950014, 2716]
[9953094, 9953437, 343]
[9954400, 9956589, 2189]
[9956946, 9958006, 1060]
[9960247, 9962101, 1854]
[9972699, 9973910, 1211]
[10000718, 10001916, 1198]
[10041652, 10042447, 795]
[10061393, 10062494, 1101]
[10071054, 10074945, 3891]
[10088825, 10090083, 1258]
[10097845, 10100880, 3035]
[10116983, 10120941, 3958]
[10149083, 10149769, 686]
[10155490, 10155955, 465]
[10159405, 10163632, 4227]
[10197847, 10201612, 3765]
[10205788, 10209349, 3561]
[10218208, 10221512, 3304]
[10226960, 10227463, 503]
[10240139, 10241102, 963]
[10269468, 10271202, 1734]
[10276008, 10277295, 1287]
[10282830, 10284501, 1671]
[10288168, 10289053, 885]
[10329197, 10330466, 1269]
[10343165, 10343528, 363]
[10348104, 10349739, 1635]
[10357721, 10358052, 331]
[10378145, 10379604, 1459]
[10383904, 10384115, 211]
[10427103, 10428401, 1298]
[10430453, 10440612, 10159]
[10463816, 10465883, 2067]
[10472553, 10474378, 1825]
[10481732, 10483071, 1339]
[10496786, 10500719, 3933]
[10503902, 10505403, 1501]
[10507541, 10511581, 4040]
[10517714, 10521580, 3866]
[10535366, 10535702, 336]
[11025766, 11026048, 282]
[11076873, 11078560, 1687]
[11082192, 11082381, 189]
[11100698, 11104651, 3953]
[11117036, 11117431, 395]
[11127931, 11128571, 640]
[11165283, 11171604, 6321]
[11179537, 11180030, 493]
[11195618, 11198053, 2435]
[11200369, 11207366, 6997]
[11211825, 11215431, 3606]
[11229400, 11231033, 1633]
[11234216, 11236873, 2657]
[11265475, 11266697, 1222]
[11281751, 11282933, 1182]
[11316635, 11316743, 108]
[11320321, 11320891, 570]
[11321697, 11323384, 1687]
[11328458, 11332866, 4408]
[11337609, 11339814, 2205]
[11372366, 11373782, 1416]
[11381116, 11382428, 1312]
[11390782, 11391510, 728]
[12016216, 12017632, 1416]
[12020334, 12020866, 532]
[12023603, 12024569, 966]
[12028923, 12033205, 4282]
[12038781, 12044572, 5791]
[12051968, 12052417, 449]
[12056616, 12057280, 664]
[12095466, 12097987, 2521]
[12100978, 12109776, 8798]
[12114468, 12116993, 2525]
[12122186, 12123560, 1374]
[12126878, 12128446, 1568]
[12134611, 12136077, 1466]
[12140725, 12140961, 236]
[12162858, 12166718, 3860]
[12204213, 12205574, 1361]
[12239201, 12240112, 911]
[12252823, 12253690, 867]
[12259454, 12260998, 1544]
[12261542, 12263372, 1830]
[12271913, 12272944, 1031]
[12275741, 12278284, 2543]
[12278646, 12279507, 861]
[12281500, 12282494, 994]
[12293204, 12296992, 3788]
[12304065, 12305581, 1516]
[12324540, 12326258, 1718]
[12330124, 12330398, 274]
[12330804, 12331237, 433]
[12348307, 12349144, 837]
[12362317, 12362757, 440]
[12363216, 12363729, 513]
[12402490, 12403598, 1108]
[12447416, 12447692, 276]
[12456515, 12457155, 640]
[12482250, 12483055, 805]
[12490226, 12490869, 643]
[12512863, 12513398, 535]
[12514913, 12515870, 957]
[12518102, 12518687, 585]
[12542823, 12544362, 1539]
[12546915, 12547418, 503]
[12549273, 12553391, 4118]
[12569530, 12577083, 7553]
[12591870, 12593849, 1979]
[12602275, 12605506, 3231]
[12614998, 12618151, 3153]
[12629086, 12630334, 1248]
[12643129, 12648663, 5534]
[12663169, 12664190, 1021]
[12677165, 12677465, 300]
[12685257, 12685598, 341]
[12690547, 12690762, 215]
[12818594, 12822868, 4274]
[12826792, 12828556, 1764]
[12876987, 12877512, 525]
[12882386, 12885644, 3258]
[12890133, 12898566, 8433]
[12916726, 12918061, 1335]
[12921662, 12922782, 1120]
[12927042, 12930795, 3753]
[12941212, 12941322, 110]
[12968715, 12968961, 246]
[13008539, 13010598, 2059]
[13025014, 13027832, 2818]
[13039313, 13042553, 3240]
[13044073, 13045731, 1658]
[13046125, 13046459, 334]
[13049431, 13049922, 491]
[13056979, 13059013, 2034]
[13060620, 13065450, 4830]
[13066482, 13066613, 131]
[13067341, 13067577, 236]
[13090281, 13092466, 2185]
[13129583, 13131660, 2077]
[13137257, 13139584, 2327]
[13140265, 13143100, 2835]
[13183669, 13184384, 715]
[13188312, 13189143, 831]
[13193485, 13194776, 1291]
[13201994, 13202276, 282]
[13212015, 13213336, 1321]
[13215749, 13216270, 521]
[13220537, 13220641, 104]
[13223082, 13229239, 6157]
[13251310, 13259841, 8531]
[13261714, 13263449, 1735]
[13274882, 13278063, 3181]
[13279913, 13280068, 155]
[13299090, 13299309, 219]
[13321690, 13322067, 377]
[13326335, 13328380, 2045]
[13344172, 13346519, 2347]
[13360723, 13361052, 329]
[13365800, 13367089, 1289]
[13376997, 13377828, 831]
[13393683, 13395100, 1417]
[13395632, 13400283, 4651]
[13409315, 13409767, 452]
[13434176, 13435647, 1471]
[13446665, 13446953, 288]
[13456531, 13459084, 2553]
[13460020, 13463902, 3882]
[13465115, 13465380, 265]
[13474478, 13478117, 3639]
[13479705, 13485548, 5843]
[13494545, 13496175, 1630]
[13509424, 13511298, 1874]
[13530265, 13532128, 1863]
[13549004, 13552127, 3123]
[13554589, 13556901, 2312]
[13597714, 13603023, 5309]
[13608783, 13612438, 3655]
[13614370, 13614541, 171]
[13621315, 13621653, 338]
[13633601, 13634334, 733]
[13634900, 13638117, 3217]
[13674403, 13674672, 269]
[13691444, 13691609, 165]
[13702299, 13705099, 2800]
[13707912, 13708956, 1044]
[13723893, 13724444, 551]
[13728373, 13729943, 1570]
[13731648, 13733170, 1522]
[13736416, 13744333, 7917]
[13747433, 13750244, 2811]
[13764169, 13769294, 5125]
[13779782, 13783821, 4039]
[13799357, 13808371, 9014]
[13823598, 13825468, 1870]
[13845025, 13846205, 1180]
[13850189, 13854542, 4353]
[13858412, 13859672, 1260]
[13859763, 13861532, 1769]
[13875503, 13875898, 395]
[13939110, 13947586, 8476]
[13948018, 13948898, 880]
[13964170, 13965980, 1810]
[13974251, 13975345, 1094]
[13978540, 13978808, 268]
[13979146, 13980077, 931]
[13997214, 13998825, 1611]
[14002481, 14003369, 888]
[14005823, 14007197, 1374]
[14032823, 14033178, 355]
[14044514, 14047153, 2639]
[14054995, 14057184, 2189]
[14080705, 14082900, 2195]
[14091499, 14093807, 2308]
[14095089, 14097073, 1984]
[14132411, 14132986, 575]
[14157772, 14158429, 657]
[14159452, 14166642, 7190]
[14172289, 14173816, 1527]
[14190457, 14190828, 371]
[14198798, 14199171, 373]
[14225700, 14226651, 951]
[14305147, 14307279, 2132]
[14323670, 14325671, 2001]
[14331745, 14332193, 448]
[14332382, 14334310, 1928]
[14337075, 14339234, 2159]
[14347751, 14354032, 6281]
[14364194, 14365356, 1162]
[14385904, 14386192, 288]
[14403111, 14405349, 2238]
[14407763, 14409209, 1446]
[14447480, 14448008, 528]
[14458341, 14459216, 875]
[14459587, 14460648, 1061]
[14480624, 14485758, 5134]
[14505501, 14507393, 1892]
[14512342, 14514085, 1743]
[14527777, 14535140, 7363]
[14539442, 14540850, 1408]
[14547947, 14548451, 504]
[14571624, 14572007, 383]
[14574157, 14577988, 3831]
[14605503, 14606179, 676]
[14606590, 14607449, 859]
[14624483, 14627096, 2613]
[14649893, 14650058, 165]
[14675535, 14676540, 1005]
[14682565, 14684048, 1483]
[14706805, 14707045, 240]
[14722841, 14723635, 794]
[14734426, 14734630, 204]
[14737400, 14742423, 5023]
[14757461, 14758228, 767]
[14761524, 14762760, 1236]
[14788647, 14789271, 624]
[14808300, 14810391, 2091]
[14815001, 14815637, 636]
[14817205, 14824240, 7035]
[14825457, 14825620, 163]
[14830539, 14830990, 451]
[14833548, 14834958, 1410]
[14849220, 14851103, 1883]
[14857214, 14858357, 1143]
[14862390, 14864233, 1843]
[14887482, 14890510, 3028]
[14907560, 14908305, 745]
[14913542, 14913977, 435]
[14918805, 14921799, 2994]
[14929991, 14930214, 223]
[14943478, 14943591, 113]
[14950533, 14954845, 4312]
[14976221, 14978056, 1835]
[14978301, 14980785, 2484]
[15000000, 15006401, 6401]
[15008337, 15011541, 3204]
[15033504, 15038267, 4763]
[15066623, 15067045, 422]
[15078901, 15079260, 359]
[15089439, 15089692, 253]
[15138548, 15139537, 989]
[15142595, 15144419, 1824]
[15164069, 15165010, 941]
[15179043, 15181736, 2693]
[15182932, 15183284, 352]
[15185093, 15185468, 375]
[15188155, 15191159, 3004]
[15206209, 15207500, 1291]
[15211725, 15213689, 1964]
[15219307, 15219681, 374]
[15227713, 15230141, 2428]
[15254258, 15255993, 1735]
[15273848, 15273956, 108]
[15279404, 15280411, 1007]
[15281454, 15288017, 6563]
[15290595, 15293596, 3001]
[15302084, 15307379, 5295]
[15350339, 15351232, 893]
[15351812, 15351949, 137]
[15356512, 15359989, 3477]
[15376086, 15378743, 2657]
[15382962, 15385289, 2327]
[15390491, 15394475, 3984]
[15396438, 15397638, 1200]
[15399698, 15402593, 2895]
[15403542, 15412340, 8798]
[15420025, 15420152, 127]
[15420345, 15422089, 1744]
[15473422, 15475567, 2145]
[15478637, 15479406, 769]
[15484600, 15485462, 862]
[15486302, 15487629, 1327]
[15487683, 15487813, 130]
[15507972, 15509369, 1397]
[15516881, 15519607, 2726]
[15520995, 15522484, 1489]
[15528821, 15530388, 1567]
[15532203, 15532880, 677]
[15539151, 15541969, 2818]
[15544844, 15545911, 1067]
[15551311, 15552936, 1625]
[15560335, 15561994, 1659]
[15566157, 15573374, 7217]
[15586716, 15587397, 681]
[15590827, 15595362, 4535]
[15603467, 15604201, 734]
[15606213, 15609827, 3614]
[15612370, 15614571, 2201]
[15643413, 15644234, 821]
[15644582, 15646293, 1711]
[15646581, 15647103, 522]
[15659702, 15659992, 290]
[15662106, 15666063, 3957]
[15666266, 15666669, 403]
[15675263, 15675731, 468]
[15697998, 15698104, 106]
[15736152, 15738309, 2157]
[15745511, 15746513, 1002]
[15766377, 15769199, 2822]
[15774615, 15774729, 114]
[15776712, 15778027, 1315]
[15791779, 15793493, 1714]
[15795216, 15795765, 549]
[15807224, 15807663, 439]
[15839561, 15841019, 1458]
[15862519, 15862877, 358]
[15869040, 15871031, 1991]
[15879441, 15879789, 348]
[15900236, 15900478, 242]
[15900716, 15901850, 1134]
[15921287, 15921566, 279]
[15930555, 15931625, 1070]
[15936636, 15938726, 2090]
[15962220, 15965605, 3385]
[15995499, 15998636, 3137]
[16015686, 16016013, 327]
[16032975, 16036773, 3798]
[16050722, 16052224, 1502]
[16056528, 16059972, 3444]
[16078859, 16079530, 671]
[16117305, 16125968, 8663]
[16140348, 16142586, 2238]
[16148336, 16151696, 3360]
[16185292, 16188297, 3005]
[16201463, 16209863, 8400]
[16211719, 16213277, 1558]
[16254115, 16254392, 277]
[16256606, 16259936, 3330]
[16272002, 16273532, 1530]
[16275083, 16275520, 437]
[16291446, 16292865, 1419]
[16343741, 16345401, 1660]
[16346349, 16354747, 8398]
[16371177, 16372906, 1729]
[16376869, 16376973, 104]
[16378442, 16379296, 854]
[16414597, 16418373, 3776]
[16419479, 16420978, 1499]
[16426529, 16428489, 1960]
[16429985, 16430787, 802]
[16443594, 16447078, 3484]
[16449771, 16452533, 2762]
[16471450, 16473242, 1792]
[16483844, 16483981, 137]
[16501574, 16502017, 443]
[16530683, 16531582, 899]
[16546596, 16548473, 1877]
[16549574, 16551684, 2110]
[16567536, 16570610, 3074]
[16575707, 16575809, 102]
[16580496, 16581667, 1171]
[16582185, 16582677, 492]
[16600988, 16603142, 2154]
[16603887, 16607075, 3188]
[16607766, 16608916, 1150]
[16634986, 16638061, 3075]
[16677041, 16680951, 3910]
[16690651, 16690814, 163]
[16701989, 16707710, 5721]
[16731341, 16731709, 368]
[16758919, 16760700, 1781]
[16776011, 16778013, 2002]
[16804727, 16810782, 6055]
[16825843, 16829598, 3755]
[16845390, 16845978, 588]
[16860539, 16862761, 2222]
[16869919, 16873114, 3195]
[16880207, 16880328, 121]
[16891322, 16892717, 1395]
[16906877, 16909047, 2170]
[16932714, 16933459, 745]
[16933757, 16936555, 2798]
[16950042, 16951444, 1402]
[16952226, 16952690, 464]
[16962266, 16963573, 1307]
[16964432, 16966592, 2160]
[16982514, 16986620, 4106]
[16986682, 16987695, 1013]
[16990440, 16991471, 1031]
[16998434, 16998926, 492]
[17001610, 17003597, 1987]
[17015492, 17016039, 547]
[17031418, 17032494, 1076]
[17076482, 17080084, 3602]
[17102004, 17104869, 2865]
[17121601, 17122143, 542]
[17124514, 17125181, 667]
[17127009, 17127433, 424]
[17144133, 17145371, 1238]
[17174820, 17175222, 402]
[17186350, 17187202, 852]
[17188541, 17191532, 2991]
[17191844, 17192808, 964]
[17203344, 17203593, 249]
[17211381, 17211731, 350]
[17215311, 17217973, 2662]
[17226324, 17232087, 5763]
[17234078, 17236045, 1967]
[17239641, 17240098, 457]
[17241232, 17242728, 1496]
[17244920, 17246153, 1233]
[17247971, 17250779, 2808]
[17254202, 17255258, 1056]
[17256964, 17257187, 223]
[17264613, 17265300, 687]
[17279860, 17280828, 968]
[17305833, 17309512, 3679]
[17344801, 17348895, 4094]
[17380683, 17381992, 1309]
[17384534, 17386967, 2433]
[17391290, 17392080, 790]
[17397077, 17401707, 4630]
[17407567, 17409435, 1868]
[17412316, 17413633, 1317]
[17426215, 17426551, 336]
[17428268, 17428673, 405]
[17473406, 17476484, 3078]
[17489869, 17490409, 540]
[17492153, 17492309, 156]
[17512282, 17513830, 1548]
[17518378, 17523609, 5231]
[17548448, 17549014, 566]
[17551543, 17551909, 366]
[17563264, 17565028, 1764]
[17602835, 17603118, 283]
[17612083, 17615726, 3643]
[17619829, 17620300, 471]
[17629796, 17632452, 2656]
[17649948, 17650088, 140]
[17657463, 17658827, 1364]
[17665896, 17667249, 1353]
[17681069, 17682501, 1432]
[17729138, 17730285, 1147]
[17740213, 17742185, 1972]
[17743907, 17746207, 2300]
[17749172, 17749298, 126]
[17750429, 17751741, 1312]
[17775411, 17776245, 834]
[17778052, 17782431, 4379]
[17808718, 17810636, 1918]
[17836241, 17836733, 492]
[17844069, 17844287, 218]
[17847054, 17847366, 312]
[17847595, 17848428, 833]
[17864622, 17871388, 6766]
[17871947, 17873284, 1337]
[17910386, 17912118, 1732]
[17944779, 17944991, 212]
[17975149, 17977187, 2038]
[17984649, 17985935, 1286]
[17996517, 17998001, 1484]
[18026929, 18027603, 674]
[18044318, 18047135, 2817]
[18049196, 18050346, 1150]
[18084774, 18085915, 1141]
[18105084, 18105462, 378]
[18113219, 18114590, 1371]
[18118022, 18119663, 1641]
[18125081, 18125907, 826]
[18144491, 18144922, 431]
[18146203, 18147797, 1594]
[18151076, 18156850, 5774]
[18159842, 18160055, 213]
[18175575, 18175762, 187]
[18178784, 18179656, 872]
[18191581, 18193064, 1483]
[18203625, 18206200, 2575]
[18212506, 18212935, 429]
[18228517, 18229830, 1313]
[18236653, 18239854, 3201]
[18249712, 18250044, 332]
[18257884, 18258049, 165]
[18274271, 18274469, 198]
[18276371, 18277261, 890]
[18308895, 18310981, 2086]
[18330205, 18333391, 3186]
[18335424, 18337063, 1639]
[18344428, 18345994, 1566]
[18368554, 18373351, 4797]
[18374272, 18376184, 1912]
[18379805, 18380597, 792]
[18386414, 18386568, 154]
[18394382, 18396447, 2065]
[18403219, 18405817, 2598]
[18407919, 18410116, 2197]
[18419387, 18420105, 718]
[18423266, 18424596, 1330]
[18436724, 18437799, 1075]
[18463111, 18463653, 542]
[18466318, 18467702, 1384]
[18472125, 18473336, 1211]
[18480517, 18481469, 952]
[18481659, 18486558, 4899]
[18501510, 18505030, 3520]
[18527164, 18527673, 509]
[18547287, 18548544, 1257]
[18551394, 18551595, 201]
[18571228, 18572516, 1288]
[18590403, 18594280, 3877]
[18600697, 18600889, 192]
[18619058, 18619997, 939]
[18621662, 18622868, 1206]
[18633223, 18635140, 1917]
[18639919, 18643729, 3810]
[18651484, 18653252, 1768]
[18661767, 18664438, 2671]
[18670302, 18676569, 6267]
[18687853, 18694961, 7108]
[18728286, 18730847, 2561]
[18742585, 18745580, 2995]
[18761852, 18763155, 1303]
[18809096, 18809648, 552]
[18852181, 18854113, 1932]
[18875554, 18876639, 1085]
[18909059, 18909379, 320]
[18934896, 18942623, 7727]
[18949307, 18950516, 1209]
[18969788, 18971280, 1492]
[18973180, 18973333, 153]
[18976136, 18977551, 1415]
[19009246, 19011094, 1848]
[19061432, 19062608, 1176]
[19067871, 19069200, 1329]
[19077738, 19081990, 4252]
[19087946, 19092403, 4457]
[19105923, 19108634, 2711]
[19109639, 19110623, 984]
[19118881, 19121038, 2157]
[19149971, 19151065, 1094]
[19164942, 19167628, 2686]
[19188303, 19196143, 7840]
[19199129, 19199259, 130]
[19200096, 19203729, 3633]
[19216020, 19220329, 4309]
[19224531, 19224964, 433]
[19272761, 19277859, 5098]
[19279444, 19279723, 279]
[19299496, 19300286, 790]
[19317068, 19317633, 565]
[19335128, 19335625, 497]
[19342173, 19342649, 476]
[19344480, 19346086, 1606]
[19352098, 19353981, 1883]
[19377525, 19378387, 862]
[19387088, 19390242, 3154]
[19404409, 19404847, 438]
[19446027, 19447759, 1732]
[19456933, 19457919, 986]
[19461778, 19462835, 1057]
[19472171, 19475526, 3355]
[19481571, 19482184, 613]
[19492893, 19494627, 1734]
[19500828, 19501402, 574]
[19502611, 19505227, 2616]
[19510139, 19510588, 449]
[19513827, 19515335, 1508]
[19527252, 19527420, 168]
[19531015, 19531215, 200]
[19535358, 19536496, 1138]
[19538108, 19538269, 161]
[19540051, 19540769, 718]
[19574778, 19575338, 560]
[19628299, 19628668, 369]
[19641092, 19643459, 2367]
[19656352, 19658309, 1957]
[19666519, 19667428, 909]
[19676987, 19677172, 185]
[19709149, 19710984, 1835]
[19723149, 19726410, 3261]
[19758189, 19759201, 1012]
[19765315, 19765935, 620]
[19783310, 19784716, 1406]
[19796102, 19800844, 4742]
[19803161, 19805043, 1882]
[19816833, 19818210, 1377]
[19820961, 19823858, 2897]
[19825071, 19825431, 360]
[19835215, 19835784, 569]
[19846775, 19847922, 1147]
[19849382, 19850286, 904]
[19867951, 19868919, 968]
[19875072, 19875966, 894]
[19876526, 19878092, 1566]
[19882085, 19885533, 3448]
[19919181, 19919587, 406]
[19938217, 19939710, 1493]
[19959199, 19961856, 2657]
[19971872, 19972302, 430]
[19975721, 19976960, 1239]
[19980382, 19980593, 211]
[20004257, 20008860, 4603]
[20038134, 20039613, 1479]
[20047267, 20047667, 400]
[20055100, 20060255, 5155]
[20061657, 20068704, 7047]
[20074844, 20075472, 628]
[20077792, 20078375, 583]
[20090904, 20096876, 5972]
[20105729, 20108268, 2539]
[20111320, 20113437, 2117]
[20122129, 20124527, 2398]
[20124790, 20128808, 4018]
[20129122, 20130754, 1632]
[20141724, 20144962, 3238]
[20146008, 20152669, 6661]
[20163971, 20167524, 3553]
[20189007, 20189214, 207]
[20204130, 20210499, 6369]
[20213246, 20213819, 573]
[20225161, 20226777, 1616]
[20228027, 20231045, 3018]
[20253046, 20256967, 3921]
[20277801, 20278156, 355]
[20316166, 20317510, 1344]
[20321631, 20323808, 2177]
[20324825, 20325017, 192]
[20328315, 20330421, 2106]
[20338569, 20339550, 981]
[20347854, 20349867, 2013]
[20364185, 20364595, 410]
[20370273, 20370697, 424]
[20372479, 20372865, 386]
[20378862, 20380550, 1688]
[20392359, 20395441, 3082]
[20395919, 20396325, 406]
[20412793, 20414224, 1431]
[20415315, 20421006, 5691]
[20424555, 20426519, 1964]
[20428616, 20431179, 2563]
[20432170, 20432645, 475]
[20441358, 20441949, 591]
[20475921, 20477478, 1557]
[20491382, 20495255, 3873]
[20502612, 20503538, 926]
[20528187, 20529167, 980]
[20600632, 20610414, 9782]
[20612135, 20614768, 2633]
[20642188, 20645667, 3479]
[20648993, 20651689, 2696]
[20661180, 20663715, 2535]
[20678065, 20678487, 422]
[20698872, 20703164, 4292]
[20704387, 20710697, 6310]
[20713812, 20713944, 132]
[20719169, 20721469, 2300]
[20749448, 20756109, 6661]
[20773138, 20776995, 3857]
[20796913, 20800913, 4000]
[20803575, 20805824, 2249]
[20811779, 20815553, 3774]
[20826114, 20826878, 764]
[20833157, 20835242, 2085]
[20844019, 20844382, 363]
[20942760, 20944587, 1827]
[20958131, 20962032, 3901]
[20966776, 20966917, 141]
[20968076, 20972110, 4034]
[20982661, 20987789, 5128]
