[0, 13318, 13318, 249.0]
[13570, 17866, 4296, 250.0]
[17977, 20529, 2552, 250.0]
[22144, 28774, 6630, 250.0]
[29131, 32194, 3063, 250.0]
[32599, 41250, 8651, 250.0]
[41391, 42198, 807, 249.0]
[42575, 66977, 24402, 250.0]
[67906, 95138, 27232, 250.0]
[95634, 96991, 1357, 250.0]
[97672, 102784, 5112, 250.0]
[104909, 105762, 853, 250.0]
[106074, 118852, 12778, 250.0]
[119467, 120174, 707, 250.0]
[120324, 124730, 4406, 250.0]
[125941, 128083, 2142, 250.0]
[128284, 134073, 5789, 250.0]
[134464, 143526, 9062, 250.0]
[145180, 179708, 34528, 250.0]
[180896, 199569, 18673, 250.0]
[203229, 203668, 439, 250.0]
[207974, 232209, 24235, 250.0]
[233318, 237094, 3776, 250.0]
[241485, 262661, 21176, 250.0]
[263975, 271456, 7481, 250.0]
[271487, 283239, 11752, 250.0]
[283547, 301959, 18412, 250.0]
[303222, 307427, 4205, 250.0]
[310318, 320805, 10487, 250.0]
[323651, 340938, 17287, 250.0]
[342648, 350790, 8142, 250.0]
[352959, 362751, 9792, 250.0]
[366135, 378300, 12165, 250.0]
[380968, 412831, 31863, 250.0]
[413424, 445182, 31758, 250.0]
[447264, 457792, 10528, 250.0]
[458564, 465613, 7049, 250.0]
[465966, 483274, 17308, 250.0]
[483451, 485065, 1614, 249.0]
[488047, 493190, 5143, 250.0]
[494856, 502807, 7951, 250.0]
[505596, 508037, 2441, 250.0]
[511056, 531172, 20116, 250.0]
[531185, 534307, 3122, 250.0]
[541152, 579359, 38207, 250.0]
[582230, 584873, 2643, 250.0]
[586672, 588140, 1468, 250.0]
[588146, 589705, 1559, 249.0]
[590189, 594904, 4715, 250.0]
[596129, 607073, 10944, 250.0]
[608074, 611840, 3766, 250.0]
[623792, 635318, 11526, 250.0]
[635334, 658822, 23488, 250.0]
[660775, 690364, 29589, 250.0]
[690578, 693870, 3292, 250.0]
[694038, 694397, 359, 249.0]
[699824, 703010, 3186, 250.0]
[706115, 715461, 9346, 250.0]
[719657, 745122, 25465, 249.0]
[760922, 772400, 11478, 250.0]
[773727, 782769, 9042, 250.0]
[782777, 802349, 19572, 250.0]
[807812, 809015, 1203, 250.0]
[809138, 809487, 349, 249.0]
[809588, 819372, 9784, 250.0]
[833814, 837544, 3730, 250.0]
[838687, 851546, 12859, 250.0]
[854194, 858721, 4527, 250.0]
[858730, 883696, 24966, 250.0]
[884508, 892023, 7515, 250.0]
[895137, 901818, 6681, 249.0]
[902087, 921600, 19513, 250.0]
[921709, 1000486, 78777, 250.0]
[1000923, 1008381, 7458, 250.0]
[1008433, 1025594, 17161, 250.0]
[1028514, 1030094, 1580, 249.0]
[1030249, 1046684, 16435, 250.0]
[1048729, 1053754, 5025, 250.0]
[1056538, 1091537, 34999, 250.0]
[1092225, 1126496, 34271, 250.0]
[1127310, 1131360, 4050, 250.0]
[1133957, 1145338, 11381, 250.0]
[1145426, 1158632, 13206, 249.0]
[1161220, 1175167, 13947, 250.0]
[1175982, 1186023, 10041, 250.0]
[1186121, 1225478, 39357, 250.0]
[1225495, 1252257, 26762, 250.0]
[1252431, 1253853, 1422, 249.0]
[1255909, 1261789, 5880, 250.0]
[1267076, 1276574, 9498, 250.0]
[1277574, 1303981, 26407, 250.0]
[1304065, 1316149, 12084, 250.0]
[1316156, 1323185, 7029, 249.0]
[1330200, 1333228, 3028, 249.0]
[1340412, 1356513, 16101, 250.0]
[1356766, 1357710, 944, 249.0]
[1358671, 1364796, 6125, 250.0]
[1366018, 1371326, 5308, 249.0]
[1371333, 1389497, 18164, 250.0]
[1390931, 1394553, 3622, 250.0]
[1394719, 1406540, 11821, 250.0]
[1406771, 1427346, 20575, 250.0]
[1427416, 1427858, 442, 249.0]
[1428207, 1430398, 2191, 250.0]
[1431171, 1438734, 7563, 249.0]
[1439208, 1449630, 10422, 250.0]
[1450459, 1455085, 4626, 250.0]
[1456189, 1462753, 6564, 250.0]
[1464835, 1473254, 8419, 250.0]
[1474438, 1474730, 292, 250.0]
[1476545, 1480570, 4025, 249.0]
[1481491, 1485082, 3591, 250.0]
[1485289, 1487569, 2280, 250.0]
[1490125, 1498025, 7900, 250.0]
[1498511, 1506519, 8008, 250.0]
[1508050, 1527128, 19078, 250.0]
[1530472, 1545028, 14556, 250.0]
[1545184, 1598139, 52955, 250.0]
[1604395, 1604592, 197, 250.0]
[1607038, 1607073, 35, 246.0]
[1607644, 1613177, 5533, 250.0]
[1613863, 1614488, 625, 249.0]
[1614501, 1615690, 1189, 250.0]
[1616824, 1621039, 4215, 249.0]
[1621694, 1624098, 2404, 249.0]
[1624937, 1631862, 6925, 250.0]
[2000000, 2006054, 6054, 250.0]
[2009053, 2014778, 5725, 250.0]
[2018521, 2018711, 190, 250.0]
[2020882, 2029841, 8959, 250.0]
[2039008, 2041024, 2016, 250.0]
[2043866, 2044340, 474, 250.0]
[2045438, 2051187, 5749, 250.0]
[2051363, 2068180, 16817, 250.0]
[2068897, 2072092, 3195, 250.0]
[2073990, 2079564, 5574, 250.0]
[2079680, 2080021, 341, 250.0]
[2085215, 2086215, 1000, 250.0]
[2086876, 2090843, 3967, 250.0]
[2090876, 2100227, 9351, 250.0]
[2100230, 2112280, 12050, 250.0]
[2112325, 2123389, 11064, 250.0]
[2125559, 2126790, 1231, 250.0]
[2126807, 2143667, 16860, 250.0]
[2143900, 2173638, 29738, 250.0]
[2176001, 2181629, 5628, 250.0]
[2182781, 2193347, 10566, 250.0]
[2196574, 2203813, 7239, 250.0]
[2204103, 2205564, 1461, 250.0]
[2208279, 2221956, 13677, 250.0]
[2221992, 2229268, 7276, 249.0]
[2232501, 2266718, 34217, 250.0]
[2267230, 2275489, 8259, 250.0]
[2277357, 2282328, 4971, 249.0]
[2282569, 2300020, 17451, 249.0]
[2300141, 2304171, 4030, 249.0]
[2304189, 2310742, 6553, 249.0]
[2314397, 2325072, 10675, 250.0]
[2325882, 2338142, 12260, 249.0]
[2340427, 2343792, 3365, 249.0]
[2343804, 2369083, 25279, 249.0]
[2370920, 2377370, 6450, 249.0]
[2378679, 2392809, 14130, 249.0]
[2392817, 2399964, 7147, 249.0]
[2401599, 2407957, 6358, 250.0]
[2412855, 2424298, 11443, 250.0]
[2424911, 2431288, 6377, 249.0]
[2431870, 2458993, 27123, 249.0]
[2461547, 2471794, 10247, 249.0]
[2471962, 2473839, 1877, 249.0]
[2473999, 2488511, 14512, 250.0]
[2488899, 2496891, 7992, 250.0]
[2498517, 2534543, 36026, 250.0]
[2534818, 2538607, 3789, 250.0]
[2540738, 2545126, 4388, 250.0]
[2546161, 2555282, 9121, 249.0]
[2557687, 2570050, 12363, 250.0]
[2571708, 2579367, 7659, 249.0]
[2580784, 2582024, 1240, 250.0]
[2585672, 2589265, 3593, 248.0]
[2589276, 2592105, 2829, 249.0]
[2592814, 2609698, 16884, 250.0]
[2613300, 2614715, 1415, 250.0]
[2615081, 2621672, 6591, 250.0]
[2621686, 2627679, 5993, 249.0]
[2628797, 2658183, 29386, 249.0]
[2658379, 2659923, 1544, 249.0]
[2659925, 2659989, 64, 244.0]
[2660767, 2666088, 5321, 250.0]
[2675689, 2678749, 3060, 250.0]
[2682689, 2697608, 14919, 249.0]
[2708126, 2710367, 2241, 250.0]
[2710378, 2712559, 2181, 249.0]
[2713869, 2735573, 21704, 250.0]
[2735985, 2744713, 8728, 250.0]
[2745299, 2747537, 2238, 249.0]
[2751340, 2765385, 14045, 250.0]
[2767991, 2768187, 196, 249.0]
[2770165, 2773854, 3689, 250.0]
[2774872, 2781796, 6924, 250.0]
[2781802, 2795471, 13669, 249.0]
[2802111, 2819207, 17096, 249.0]
[2819381, 2825314, 5933, 250.0]
[2825682, 2834079, 8397, 250.0]
[2835754, 2843976, 8222, 249.0]
[2843992, 2862746, 18754, 249.0]
[2863261, 2878702, 15441, 250.0]
[2881881, 2886178, 4297, 250.0]
[2886192, 2886912, 720, 249.0]
[2887095, 2890550, 3455, 250.0]
[2893650, 2897303, 3653, 249.0]
[2897373, 2897477, 104, 249.0]
[2900320, 2904764, 4444, 249.0]
[2904773, 2914077, 9304, 248.0]
[2915364, 2968746, 53382, 249.0]
[2971184, 2972286, 1102, 250.0]
[2977606, 2981026, 3420, 250.0]
[2981257, 2985070, 3813, 250.0]
[2985164, 2986032, 868, 249.0]
[2986238, 3009348, 23110, 250.0]
[3010049, 3017078, 7029, 250.0]
[3017693, 3034953, 17260, 250.0]
[3034971, 3042834, 7863, 249.0]
[3042838, 3056929, 14091, 250.0]
[3056934, 3077313, 20379, 250.0]
[3077654, 3085731, 8077, 250.0]
[3085747, 3091524, 5777, 250.0]
[3092216, 3093171, 955, 250.0]
[3094815, 3137936, 43121, 250.0]
[3137946, 3144428, 6482, 247.0]
[3144544, 3147984, 3440, 250.0]
[3149401, 3160072, 10671, 250.0]
[3163268, 3165103, 1835, 249.0]
[3169104, 3178066, 8962, 250.0]
[3180248, 3183435, 3187, 250.0]
[3183441, 3188319, 4878, 250.0]
[3193534, 3211664, 18130, 250.0]
[3211678, 3211955, 277, 249.0]
[3215637, 3221265, 5628, 250.0]
[3221490, 3222873, 1383, 250.0]
[3224206, 3228698, 4492, 250.0]
[3229932, 3232858, 2926, 250.0]
[3234321, 3264280, 29959, 250.0]
[3265241, 3265287, 46, 244.0]
[3266397, 3271868, 5471, 250.0]
[3272395, 3307262, 34867, 250.0]
[3307333, 3307683, 350, 249.0]
[3308982, 3309735, 753, 249.0]
[3309758, 3311849, 2091, 250.0]
[3313268, 3315195, 1927, 250.0]
[3315961, 3318194, 2233, 250.0]
[3318272, 3322984, 4712, 250.0]
[3323568, 3338451, 14883, 249.0]
[3341928, 3346910, 4982, 249.0]
[3348465, 3369825, 21360, 250.0]
[3372753, 3391606, 18853, 250.0]
[3392379, 3395254, 2875, 243.0]
[3395270, 3396931, 1661, 250.0]
[3400153, 3419437, 19284, 250.0]
[3420830, 3455843, 35013, 250.0]
[3456736, 3462863, 6127, 250.0]
[3479484, 3483543, 4059, 250.0]
[3484411, 3485062, 651, 250.0]
[3485074, 3488351, 3277, 249.0]
[3490381, 3501718, 11337, 250.0]
[3506824, 3525654, 18830, 249.0]
[3527647, 3544933, 17286, 250.0]
[3546210, 3550904, 4694, 249.0]
[3555211, 3556919, 1708, 249.0]
[3563689, 3565780, 2091, 250.0]
[3565832, 3582828, 16996, 250.0]
[3582969, 3587891, 4922, 249.0]
[3591510, 3604413, 12903, 250.0]
[3604771, 3613005, 8234, 250.0]
[3620006, 3624834, 4828, 249.0]
[3627048, 3633936, 6888, 250.0]
[3635588, 3656625, 21037, 250.0]
[3659854, 3679642, 19788, 250.0]
[3682194, 3691776, 9582, 249.0]
[3692221, 3700173, 7952, 250.0]
[3704945, 3705010, 65, 246.0]
[3705178, 3707056, 1878, 250.0]
[3707079, 3714597, 7518, 250.0]
[3722009, 3724114, 2105, 250.0]
[3726407, 3729293, 2886, 249.0]
[3729613, 3734726, 5113, 249.0]
[3734947, 3736158, 1211, 249.0]
[3736216, 3736457, 241, 249.0]
[3736747, 3742420, 5673, 250.0]
[3744146, 3750108, 5962, 250.0]
[3750713, 3763707, 12994, 249.0]
[3770041, 3786483, 16442, 250.0]
[3786498, 3802030, 15532, 250.0]
[3803555, 3806295, 2740, 249.0]
[3812189, 3815973, 3784, 249.0]
[3818003, 3820615, 2612, 249.0]
[3820694, 3823659, 2965, 249.0]
[3826529, 3833136, 6607, 250.0]
[3835139, 3843201, 8062, 250.0]
[3843211, 3847881, 4670, 249.0]
[3847892, 3853335, 5443, 250.0]
[3854490, 3854594, 104, 247.0]
[3854602, 3871681, 17079, 250.0]
[3872479, 3884902, 12423, 250.0]
[3892717, 3894658, 1941, 250.0]
[3896330, 3900687, 4357, 249.0]
[3901603, 3908435, 6832, 249.0]
[3911353, 3913547, 2194, 250.0]
[3914889, 3922376, 7487, 250.0]
[3923073, 3924521, 1448, 249.0]
[3926089, 3935025, 8936, 250.0]
[3935034, 3948157, 13123, 249.0]
[3949330, 3952194, 2864, 249.0]
[3960297, 3961360, 1063, 249.0]
[3966335, 3986920, 20585, 249.0]
[3992515, 3998836, 6321, 249.0]
[3999989, 4000112, 123, 247.0]
[4000245, 4030641, 30396, 249.0]
[4030651, 4034026, 3375, 249.0]
[4034181, 4038026, 3845, 249.0]
[4051379, 4072287, 20908, 249.0]
[4074084, 4084615, 10531, 249.0]
[4085245, 4086096, 851, 249.0]
[4086552, 4087401, 849, 249.0]
[4090997, 4106065, 15068, 249.0]
[4106973, 4130067, 23094, 249.0]
[4132007, 4135999, 3992, 249.0]
[4137224, 4152655, 15431, 249.0]
[4152774, 4158684, 5910, 249.0]
[4158757, 4167465, 8708, 249.0]
[4168668, 4217162, 48494, 249.0]
[4217582, 4221773, 4191, 249.0]
[4224069, 4230505, 6436, 250.0]
[4231840, 4232044, 204, 248.0]
[4232054, 4239961, 7907, 250.0]
[4241096, 4264234, 23138, 250.0]
[4266236, 4268869, 2633, 250.0]
[4269344, 4291713, 22369, 250.0]
[4291970, 4315041, 23071, 250.0]
[4317748, 4327737, 9989, 249.0]
[4328895, 4329505, 610, 249.0]
[4329519, 4346848, 17329, 249.0]
[4346856, 4348951, 2095, 249.0]
[4349222, 4351999, 2777, 249.0]
[4352043, 4355595, 3552, 250.0]
[4358210, 4367431, 9221, 249.0]
[4367493, 4381331, 13838, 249.0]
[4382029, 4383258, 1229, 250.0]
[4385152, 4387357, 2205, 249.0]
[4389596, 4421466, 31870, 249.0]
[4421857, 4476106, 54249, 250.0]
[4477244, 4497843, 20599, 250.0]
[4500174, 4510454, 10280, 249.0]
[4514749, 4521757, 7008, 250.0]
[4521769, 4524266, 2497, 247.0]
[4524946, 4553523, 28577, 249.0]
[4554670, 4564572, 9902, 249.0]
[4567688, 4585544, 17856, 250.0]
[4585655, 4597352, 11697, 250.0]
[4598543, 4611246, 12703, 250.0]
[4611358, 4615345, 3987, 249.0]
[4615358, 4625396, 10038, 249.0]
[4627464, 4633212, 5748, 249.0]
[4636781, 4638545, 1764, 249.0]
[4640176, 4641235, 1059, 250.0]
[4643366, 4648540, 5174, 249.0]
[4648696, 4653956, 5260, 250.0]
[4654231, 4657574, 3343, 250.0]
[4657956, 4662062, 4106, 250.0]
[4662297, 4663078, 781, 249.0]
[4668825, 4669055, 230, 248.0]
[4669282, 4671595, 2313, 249.0]
[4675220, 4714860, 39640, 249.0]
[4726430, 4730915, 4485, 250.0]
[4732641, 4733678, 1037, 249.0]
[4734082, 4736611, 2529, 249.0]
[4737529, 4741209, 3680, 249.0]
[4751868, 4755584, 3716, 249.0]
[4757991, 4763556, 5565, 250.0]
[4770143, 4802843, 32700, 249.0]
[4803993, 4812886, 8893, 250.0]
[4812890, 4821666, 8776, 249.0]
[4822713, 4831785, 9072, 249.0]
[4832939, 4836829, 3890, 249.0]
[4839047, 4846120, 7073, 250.0]
[4846702, 4872380, 25678, 249.0]
[4873148, 4874382, 1234, 249.0]
[4876417, 4877812, 1395, 249.0]
[4877825, 4880247, 2422, 248.0]
[4880870, 4898741, 17871, 249.0]
[4899043, 4903494, 4451, 250.0]
[4903907, 4905858, 1951, 249.0]
[4906665, 4913645, 6980, 249.0]
[4916423, 4937057, 20634, 249.0]
[4937284, 4963985, 26701, 249.0]
[4965612, 4967544, 1932, 249.0]
[4967877, 4968297, 420, 249.0]
[4968304, 4979141, 10837, 249.0]
[4979154, 4999069, 19915, 249.0]
[5000000, 5001664, 1664, 250.0]
[5006392, 5007668, 1276, 250.0]
[5007747, 5007783, 36, 246.0]
[5008508, 5025490, 16982, 250.0]
[5026540, 5034391, 7851, 250.0]
[5035771, 5049409, 13638, 250.0]
[5053237, 5064279, 11042, 250.0]
[5067093, 5077840, 10747, 250.0]
[5077845, 5082024, 4179, 250.0]
[5084491, 5086700, 2209, 250.0]
[5087874, 5090970, 3096, 250.0]
[5092735, 5103519, 10784, 250.0]
[5103590, 5112784, 9194, 250.0]
[5132692, 5140244, 7552, 250.0]
[5141403, 5143713, 2310, 250.0]
[5144017, 5144428, 411, 249.0]
[5146904, 5153687, 6783, 249.0]
[5153888, 5155908, 2020, 250.0]
[5156846, 5176800, 19954, 250.0]
[5177186, 5179531, 2345, 250.0]
[5179561, 5197953, 18392, 250.0]
[5198425, 5206753, 8328, 250.0]
[5207582, 5211525, 3943, 249.0]
[5212803, 5215961, 3158, 250.0]
[5217820, 5217884, 64, 246.0]
[5218578, 5226364, 7786, 250.0]
[5227951, 5234066, 6115, 250.0]
[5234614, 5238003, 3389, 250.0]
[5238514, 5261423, 22909, 250.0]
[5264478, 5265345, 867, 250.0]
[5265382, 5271134, 5752, 250.0]
[5271255, 5279827, 8572, 250.0]
[5280002, 5286199, 6197, 250.0]
[5290079, 5337863, 47784, 249.0]
[5338342, 5356301, 17959, 249.0]
[5357055, 5366899, 9844, 250.0]
[5369129, 5386940, 17811, 249.0]
[5387132, 5396726, 9594, 249.0]
[5398955, 5402344, 3389, 250.0]
[5409462, 5417309, 7847, 250.0]
[5421286, 5439161, 17875, 250.0]
[5441178, 5441607, 429, 249.0]
[5442729, 5445527, 2798, 250.0]
[5446169, 5478913, 32744, 249.0]
[5481841, 5504668, 22827, 250.0]
[5504980, 5513969, 8989, 249.0]
[5518045, 5518200, 155, 248.0]
[5518266, 5529065, 10799, 249.0]
[5531511, 5536141, 4630, 250.0]
[5536449, 5550183, 13734, 249.0]
[5550464, 5560391, 9927, 249.0]
[5564305, 5575171, 10866, 250.0]
[5577169, 5578999, 1830, 249.0]
[5579007, 5591453, 12446, 249.0]
[5593328, 5595131, 1803, 250.0]
[5596002, 5597523, 1521, 249.0]
[5597528, 5620591, 23063, 250.0]
[5622715, 5641903, 19188, 250.0]
[5646421, 5655785, 9364, 249.0]
[5656471, 5661628, 5157, 249.0]
[5662230, 5669633, 7403, 249.0]
[5672510, 5677803, 5293, 250.0]
[5678891, 5680045, 1154, 249.0]
[5683160, 5685759, 2599, 249.0]
[5686116, 5736498, 50382, 249.0]
[5738404, 5752656, 14252, 249.0]
[5753099, 5755945, 2846, 250.0]
[5759814, 5763926, 4112, 249.0]
[5764009, 5767348, 3339, 249.0]
[5770347, 5778170, 7823, 249.0]
[5780487, 5795478, 14991, 249.0]
[5797612, 5811732, 14120, 249.0]
[5811839, 5821112, 9273, 249.0]
[5822412, 5830041, 7629, 249.0]
[5830306, 5836069, 5763, 250.0]
[5839339, 5865223, 25884, 249.0]
[5865521, 5867706, 2185, 249.0]
[5868123, 5874854, 6731, 249.0]
[5874864, 5875505, 641, 249.0]
[5875565, 5905484, 29919, 249.0]
[5910577, 5912135, 1558, 249.0]
[5916555, 5919755, 3200, 249.0]
[5919757, 5923512, 3755, 245.0]
[5924580, 5942403, 17823, 249.0]
[5943064, 5953241, 10177, 249.0]
[5953942, 5987042, 33100, 249.0]
[5987741, 5989916, 2175, 250.0]
[5990270, 5995994, 5724, 250.0]
[5997333, 6005180, 7847, 250.0]
[6005687, 6012570, 6883, 250.0]
[6016491, 6021240, 4749, 250.0]
[6023175, 6044920, 21745, 250.0]
[6045957, 6053889, 7932, 250.0]
[6054521, 6056954, 2433, 249.0]
[6056957, 6070602, 13645, 249.0]
[6070794, 6074154, 3360, 250.0]
[6075175, 6075357, 182, 250.0]
[6077008, 6079857, 2849, 249.0]
[6080593, 6086782, 6189, 249.0]
[6087006, 6092560, 5554, 249.0]
[6092569, 6097174, 4605, 249.0]
[6097218, 6113991, 16773, 249.0]
[6115191, 6133521, 18330, 249.0]
[6136163, 6137211, 1048, 249.0]
[6138116, 6144254, 6138, 249.0]
[6144267, 6161711, 17444, 249.0]
[6161724, 6185866, 24142, 249.0]
[6185876, 6189375, 3499, 249.0]
[6192036, 6203557, 11521, 249.0]
[6204434, 6211822, 7388, 249.0]
[6212854, 6228436, 15582, 249.0]
[6231070, 6249164, 18094, 249.0]
[6249178, 6251610, 2432, 249.0]
[6251626, 6265772, 14146, 249.0]
[6272407, 6281838, 9431, 249.0]
[6288527, 6293080, 4553, 249.0]
[6293116, 6305443, 12327, 249.0]
[6305647, 6361137, 55490, 249.0]
[6361144, 6362722, 1578, 249.0]
[6363776, 6365261, 1485, 249.0]
[6365266, 6391406, 26140, 249.0]
[6394071, 6410505, 16434, 249.0]
[6410579, 6434229, 23650, 249.0]
[6434863, 6460449, 25586, 249.0]
[6461935, 6462024, 89, 249.0]
[6463351, 6506750, 43399, 249.0]
[6506760, 6507092, 332, 248.0]
[6511271, 6512896, 1625, 249.0]
[6514082, 6522071, 7989, 249.0]
[6523062, 6535071, 12009, 249.0]
[6536625, 6546184, 9559, 249.0]
[6546187, 6558110, 11923, 249.0]
[6561746, 6564680, 2934, 249.0]
[6566442, 6577449, 11007, 249.0]
[6577758, 6585971, 8213, 249.0]
[6586341, 6615556, 29215, 249.0]
[6615872, 6617585, 1713, 249.0]
[6617604, 6636150, 18546, 249.0]
[6636727, 6645275, 8548, 249.0]
[6646326, 6654430, 8104, 249.0]
[6654867, 6666553, 11686, 249.0]
[6669561, 6679732, 10171, 249.0]
[6680420, 6698855, 18435, 249.0]
[6700398, 6712453, 12055, 249.0]
[6712478, 6731893, 19415, 249.0]
[6736617, 6751386, 14769, 249.0]
[6751410, 6784155, 32745, 249.0]
[6784285, 6805511, 21226, 249.0]
[6806055, 6822713, 16658, 249.0]
[6822786, 6826345, 3559, 249.0]
[6829405, 6832671, 3266, 249.0]
[6834280, 6842904, 8624, 249.0]
[6846676, 6860826, 14150, 249.0]
[6861221, 6861553, 332, 246.0]
[6864422, 6872820, 8398, 249.0]
[6872826, 6879030, 6204, 249.0]
[6879179, 6881225, 2046, 249.0]
[6881834, 6886487, 4653, 249.0]
[6886881, 6896977, 10096, 249.0]
[6896986, 6909378, 12392, 249.0]
[6909482, 6915172, 5690, 249.0]
[6915214, 6933355, 18141, 249.0]
[6936645, 6938885, 2240, 249.0]
[6943783, 6947462, 3679, 249.0]
[6949695, 6965893, 16198, 249.0]
[6966493, 6976959, 10466, 249.0]
[6978046, 6993180, 15134, 249.0]
[6995564, 7007241, 11677, 249.0]
[7007356, 7009142, 1786, 249.0]
[7011702, 7015934, 4232, 249.0]
[7016890, 7056591, 39701, 249.0]
[7057692, 7073675, 15983, 249.0]
[7073680, 7092971, 19291, 249.0]
[7095860, 7101823, 5963, 249.0]
[7102130, 7130313, 28183, 249.0]
[7130337, 7149361, 19024, 249.0]
[7151944, 7153756, 1812, 249.0]
[7154822, 7179320, 24498, 249.0]
[7181183, 7185983, 4800, 249.0]
[7188168, 7290604, 102436, 249.0]
[7295770, 7302645, 6875, 249.0]
[7303400, 7310351, 6951, 249.0]
[7312238, 7328441, 16203, 249.0]
[7329336, 7375007, 45671, 249.0]
[7375196, 7383928, 8732, 249.0]
[7385139, 7432555, 47416, 249.0]
[7432559, 7433701, 1142, 249.0]
[7435793, 7436579, 786, 249.0]
[7436587, 7462758, 26171, 249.0]
[7463415, 7467387, 3972, 249.0]
[7467447, 7479598, 12151, 249.0]
[7479880, 7491399, 11519, 249.0]
[7491867, 7511274, 19407, 249.0]
[7512045, 7514538, 2493, 249.0]
[7515464, 7520215, 4751, 249.0]
[7522955, 7537848, 14893, 249.0]
[7541085, 7582012, 40927, 249.0]
[7582971, 7608231, 25260, 249.0]
[7608263, 7614591, 6328, 249.0]
[7614978, 7646016, 31038, 249.0]
[7647737, 7652424, 4687, 249.0]
[7652549, 7654700, 2151, 249.0]
[7658401, 7659389, 988, 249.0]
[7660913, 7679564, 18651, 249.0]
[7685778, 7709322, 23544, 249.0]
[7714237, 7715024, 787, 249.0]
[7717369, 7725452, 8083, 249.0]
[7725937, 7736000, 10063, 249.0]
[7739851, 7741905, 2054, 249.0]
[7741971, 7743457, 1486, 247.0]
[7743467, 7757603, 14136, 249.0]
[7759215, 7760853, 1638, 249.0]
[7761518, 7766484, 4966, 249.0]
[7766494, 7783174, 16680, 249.0]
[7789224, 7793118, 3894, 249.0]
[7797454, 7814509, 17055, 249.0]
[7814542, 7827605, 13063, 249.0]
[7828116, 7846934, 18818, 249.0]
[7847589, 7847651, 62, 246.0]
[7847960, 7849962, 2002, 249.0]
[7850101, 7853916, 3815, 249.0]
[7855423, 7865486, 10063, 249.0]
[7866093, 7869710, 3617, 249.0]
[7869994, 7871434, 1440, 249.0]
[7874832, 7880515, 5683, 249.0]
[7881356, 7883854, 2498, 249.0]
[7883878, 7894956, 11078, 249.0]
[7895090, 7901141, 6051, 249.0]
[7901156, 7933139, 31983, 249.0]
[7933145, 7938255, 5110, 244.0]
[7938532, 7939132, 600, 249.0]
[7940766, 7966330, 25564, 249.0]
[7967264, 8007410, 40146, 249.0]
[8008535, 8016162, 7627, 249.0]
[8027231, 8028790, 1559, 249.0]
[8029443, 8047063, 17620, 249.0]
[8048152, 8067837, 19685, 249.0]
[8068852, 8070041, 1189, 249.0]
[8074376, 8080886, 6510, 249.0]
[8082417, 8109521, 27104, 249.0]
[8110142, 8145163, 35021, 249.0]
[8146091, 8146483, 392, 249.0]
[8148141, 8150992, 2851, 245.0]
[8151493, 8163616, 12123, 248.0]
[8164008, 8168521, 4513, 249.0]
[8168536, 8180222, 11686, 249.0]
[8180251, 8181836, 1585, 248.0]
[8182716, 8197539, 14823, 249.0]
[8197840, 8200481, 2641, 249.0]
[8200488, 8206250, 5762, 249.0]
[8208548, 8212861, 4313, 249.0]
[8217444, 8220969, 3525, 249.0]
[8221777, 8229635, 7858, 249.0]
[8232298, 8238087, 5789, 249.0]
[8241888, 8248319, 6431, 249.0]
[8249002, 8264231, 15229, 249.0]
[8264658, 8274486, 9828, 249.0]
[8274715, 8275437, 722, 248.0]
[8276554, 8283689, 7135, 249.0]
[8283728, 8287884, 4156, 249.0]
[8288183, 8291779, 3596, 249.0]
[8296532, 8337542, 41010, 249.0]
[8338576, 8348971, 10395, 249.0]
[8348979, 8351767, 2788, 246.0]
[8354414, 8360881, 6467, 249.0]
[8365033, 8379148, 14115, 249.0]
[8380556, 8384335, 3779, 249.0]
[8385533, 8387013, 1480, 249.0]
[8387296, 8390771, 3475, 249.0]
[8391330, 8407805, 16475, 249.0]
[8407836, 8408265, 429, 249.0]
[8410684, 8426686, 16002, 249.0]
[8426695, 8436450, 9755, 249.0]
[8436695, 8459853, 23158, 249.0]
[8460845, 8463598, 2753, 249.0]
[8465458, 8477746, 12288, 249.0]
[8479489, 8495427, 15938, 249.0]
[8502617, 8505221, 2604, 249.0]
[8506375, 8508580, 2205, 249.0]
[8511701, 8512070, 369, 249.0]
[8513253, 8521426, 8173, 249.0]
[8522813, 8526611, 3798, 248.0]
[8527743, 8538029, 10286, 249.0]
[8541332, 8547299, 5967, 249.0]
[8547316, 8554000, 6684, 249.0]
[8555907, 8558162, 2255, 249.0]
[8560193, 8560265, 72, 246.0]
[8561127, 8570357, 9230, 249.0]
[8571362, 8585833, 14471, 249.0]
[8586731, 8600411, 13680, 249.0]
[8601843, 8607519, 5676, 249.0]
[8608205, 8609131, 926, 248.0]
[8611164, 8612340, 1176, 249.0]
[8612879, 8613076, 197, 247.0]
[8613117, 8618292, 5175, 249.0]
[8621747, 8632292, 10545, 249.0]
[8632313, 8650334, 18021, 249.0]
[8651122, 8660225, 9103, 249.0]
[8661972, 8667829, 5857, 249.0]
[8667982, 8673786, 5804, 249.0]
[8673978, 8676545, 2567, 249.0]
[8680998, 8687069, 6071, 249.0]
[8688250, 8697519, 9269, 249.0]
[8697523, 8716160, 18637, 249.0]
[8719128, 8730681, 11553, 249.0]
[8733602, 8740350, 6748, 249.0]
[8740839, 8753867, 13028, 249.0]
[8753880, 8760799, 6919, 248.0]
[8760809, 8798932, 38123, 249.0]
[8801387, 8802260, 873, 249.0]
[8805078, 8818167, 13089, 249.0]
[8818455, 8820953, 2498, 249.0]
[8825670, 8830173, 4503, 249.0]
[8830405, 8830821, 416, 248.0]
[8830824, 8840805, 9981, 249.0]
[8840813, 8841501, 688, 249.0]
[8845606, 8861024, 15418, 249.0]
[8861032, 8862778, 1746, 249.0]
[8874337, 8897978, 23641, 249.0]
[8903916, 8907962, 4046, 249.0]
[8908372, 8918571, 10199, 249.0]
[8922453, 8925806, 3353, 249.0]
[8929814, 8931383, 1569, 249.0]
[8932528, 8940980, 8452, 249.0]
[8942633, 8957257, 14624, 249.0]
[8957514, 8963868, 6354, 249.0]
[8965007, 8966551, 1544, 249.0]
[8969672, 8994845, 25173, 249.0]
[8998634, 9008987, 10353, 249.0]
[9011744, 9022417, 10673, 249.0]
[9023811, 9030720, 6909, 249.0]
[9031377, 9041317, 9940, 249.0]
[9041875, 9043504, 1629, 249.0]
[9045842, 9049253, 3411, 249.0]
[9054864, 9082391, 27527, 249.0]
[9083481, 9084000, 519, 249.0]
[9084277, 9087393, 3116, 249.0]
[9090037, 9144883, 54846, 249.0]
[9145515, 9145965, 450, 249.0]
[9146115, 9166410, 20295, 249.0]
[9167753, 9170954, 3201, 249.0]
[9172396, 9177706, 5310, 249.0]
[9178901, 9195328, 16427, 249.0]
[9198926, 9201538, 2612, 249.0]
[9201988, 9211482, 9494, 249.0]
[9211491, 9211617, 126, 248.0]
[9212053, 9214573, 2520, 249.0]
[9215590, 9222224, 6634, 249.0]
[9222714, 9230423, 7709, 249.0]
[9230937, 9236822, 5885, 249.0]
[9237389, 9241868, 4479, 249.0]
[9244820, 9248066, 3246, 249.0]
[9251637, 9254810, 3173, 249.0]
[9256538, 9293306, 36768, 249.0]
[9294514, 9302597, 8083, 249.0]
[9307809, 9326536, 18727, 249.0]
[9327716, 9334791, 7075, 249.0]
[9334936, 9335196, 260, 248.0]
[9335437, 9342503, 7066, 248.0]
[9342511, 9344935, 2424, 249.0]
[9345068, 9350590, 5522, 249.0]
[9351826, 9355318, 3492, 248.0]
[9355697, 9366238, 10541, 249.0]
[9368148, 9370385, 2237, 249.0]
[9372741, 9415344, 42603, 249.0]
[9417122, 9418061, 939, 249.0]
[9422373, 9423224, 851, 248.0]
[9423756, 9458662, 34906, 249.0]
[9458880, 9474597, 15717, 248.0]
[9474606, 9477217, 2611, 248.0]
[9477467, 9491945, 14478, 249.0]
[9491953, 9499928, 7975, 249.0]
[9500392, 9501993, 1601, 249.0]
[9502016, 9509600, 7584, 249.0]
[9510291, 9540728, 30437, 249.0]
[9542290, 9563955, 21665, 249.0]
[9566921, 9572258, 5337, 249.0]
[9576190, 9584617, 8427, 249.0]
[9590578, 9598880, 8302, 249.0]
[9598886, 9604992, 6106, 249.0]
[9605565, 9612888, 7323, 249.0]
[9613175, 9614183, 1008, 249.0]
[9616616, 9619007, 2391, 248.0]
[9621272, 9635464, 14192, 249.0]
[9638217, 9641154, 2937, 248.0]
[9643705, 9645146, 1441, 249.0]
[9645672, 9647715, 2043, 249.0]
[9649202, 9656354, 7152, 249.0]
[9657105, 9664219, 7114, 249.0]
[9664224, 9697862, 33638, 249.0]
[9698019, 9713896, 15877, 249.0]
[9713921, 9744164, 30243, 249.0]
[9745724, 9762054, 16330, 249.0]
[9768142, 9785207, 17065, 249.0]
[9792240, 9803856, 11616, 249.0]
[9807011, 9841764, 34753, 249.0]
[9841770, 9857726, 15956, 248.0]
[9861218, 9863435, 2217, 249.0]
[9864370, 9914373, 50003, 249.0]
[9918229, 9921326, 3097, 249.0]
[9921449, 9931682, 10233, 249.0]
[9938541, 9947297, 8756, 249.0]
[9950015, 9953093, 3078, 248.0]
[9953438, 9954399, 961, 249.0]
[9956590, 9956945, 355, 248.0]
[9958007, 9960246, 2239, 249.0]
[9962102, 9972698, 10596, 249.0]
[9973911, 10000717, 26806, 249.0]
[10001917, 10033452, 31535, 249.0]
[10033462, 10041651, 8189, 249.0]
[10042448, 10048512, 6064, 249.0]
[10048591, 10061392, 12801, 249.0]
[10062495, 10071053, 8558, 249.0]
[10074946, 10088824, 13878, 249.0]
[10090084, 10097844, 7760, 249.0]
[10100881, 10116982, 16101, 249.0]
[10120942, 10149082, 28140, 248.0]
[10149770, 10155489, 5719, 249.0]
[10155956, 10159404, 3448, 249.0]
[10163633, 10197846, 34213, 249.0]
[10201613, 10202038, 425, 249.0]
[10202046, 10205787, 3741, 249.0]
[10209350, 10218207, 8857, 249.0]
[10221513, 10226959, 5446, 249.0]
[10227464, 10240138, 12674, 249.0]
[10241103, 10263108, 22005, 249.0]
[10263209, 10265183, 1974, 249.0]
[10265194, 10269467, 4273, 249.0]
[10271203, 10276007, 4804, 249.0]
[10277296, 10282829, 5533, 249.0]
[10284502, 10288167, 3665, 249.0]
[10289054, 10296140, 7086, 249.0]
[10296142, 10329196, 33054, 249.0]
[10330467, 10342465, 11998, 249.0]
[10342556, 10343164, 608, 249.0]
[10343529, 10348103, 4574, 249.0]
[10349740, 10357720, 7980, 249.0]
[10358053, 10378144, 20091, 249.0]
[10379605, 10383903, 4298, 249.0]
[10384116, 10403696, 19580, 249.0]
[10403784, 10427102, 23318, 249.0]
[10428402, 10430452, 2050, 249.0]
[10440613, 10463815, 23202, 249.0]
[10465884, 10472552, 6668, 249.0]
[10474379, 10475101, 722, 248.0]
[10475173, 10481731, 6558, 249.0]
[10483072, 10496785, 13713, 249.0]
[10500720, 10503901, 3181, 249.0]
[10505404, 10507540, 2136, 249.0]
[10511582, 10514374, 2792, 249.0]
[10514390, 10517713, 3323, 249.0]
[10521581, 10535365, 13784, 249.0]
[10535703, 10541119, 5416, 248.0]
[11000000, 11014314, 14314, 250.0]
[11014395, 11025765, 11370, 249.0]
[11026049, 11031757, 5708, 250.0]
[11031764, 11075977, 44213, 249.0]
[11075990, 11076872, 882, 249.0]
[11078561, 11082191, 3630, 249.0]
[11082382, 11100697, 18315, 249.0]
[11104652, 11117035, 12383, 249.0]
[11117432, 11127930, 10498, 249.0]
[11128572, 11165282, 36710, 249.0]
[11171605, 11178647, 7042, 249.0]
[11178657, 11179536, 879, 249.0]
[11180031, 11195617, 15586, 249.0]
[11198054, 11200368, 2314, 249.0]
[11207367, 11211824, 4457, 249.0]
[11215432, 11229399, 13967, 249.0]
[11231034, 11234215, 3181, 249.0]
[11236874, 11265474, 28600, 249.0]
[11266698, 11281750, 15052, 249.0]
[11282934, 11295166, 12232, 244.0]
[11295234, 11316634, 21400, 249.0]
[11316744, 11320320, 3576, 249.0]
[11320892, 11321696, 804, 249.0]
[11323385, 11328457, 5072, 249.0]
[11332867, 11337608, 4741, 249.0]
[11339815, 11366792, 26977, 249.0]
[11366796, 11372365, 5569, 249.0]
[11373783, 11381115, 7332, 249.0]
[11382429, 11390781, 8352, 249.0]
[11391511, 11397928, 6417, 249.0]
[12000000, 12016215, 16215, 248.0]
[12017633, 12020333, 2700, 249.0]
[12020867, 12023538, 2671, 249.0]
[12023558, 12023602, 44, 245.0]
[12024570, 12028922, 4352, 248.0]
[12033206, 12033741, 535, 245.0]
[12033751, 12038780, 5029, 249.0]
[12044573, 12047741, 3168, 249.0]
[12047749, 12051967, 4218, 249.0]
[12052418, 12056615, 4197, 249.0]
[12057281, 12095465, 38184, 249.0]
[12097988, 12100977, 2989, 249.0]
[12109777, 12114467, 4690, 249.0]
[12116994, 12122185, 5191, 248.0]
[12123561, 12126877, 3316, 249.0]
[12128447, 12133000, 4553, 249.0]
[12133016, 12134610, 1594, 248.0]
[12136078, 12140724, 4646, 249.0]
[12140962, 12143134, 2172, 249.0]
[12143230, 12162857, 19627, 248.0]
[12166719, 12179281, 12562, 249.0]
[12179292, 12204212, 24920, 249.0]
[12205575, 12215310, 9735, 249.0]
[12215314, 12233273, 17959, 249.0]
[12233281, 12239200, 5919, 249.0]
[12240113, 12252822, 12709, 249.0]
[12253691, 12259453, 5762, 249.0]
[12260999, 12261541, 542, 248.0]
[12263373, 12271912, 8539, 249.0]
[12272945, 12275740, 2795, 249.0]
[12278285, 12278645, 360, 247.0]
[12279508, 12281499, 1991, 249.0]
[12282495, 12293203, 10708, 249.0]
[12296993, 12304064, 7071, 249.0]
[12305582, 12324539, 18957, 248.0]
[12326259, 12330123, 3864, 248.0]
[12330399, 12330803, 404, 249.0]
[12331238, 12348306, 17068, 249.0]
[12349145, 12358896, 9751, 249.0]
[12358986, 12362316, 3330, 249.0]
[12362758, 12363215, 457, 248.0]
[12363730, 12402489, 38759, 249.0]
[12403599, 12412923, 9324, 249.0]
[12412927, 12447415, 34488, 249.0]
[12447693, 12451559, 3866, 248.0]
[12451567, 12456514, 4947, 249.0]
[12457156, 12482249, 25093, 249.0]
[12483056, 12490225, 7169, 249.0]
[12490870, 12506383, 15513, 248.0]
[12506386, 12512862, 6476, 248.0]
[12513399, 12514912, 1513, 249.0]
[12515871, 12518101, 2230, 248.0]
[12518688, 12521886, 3198, 249.0]
[12521895, 12542604, 20709, 248.0]
[12542612, 12542822, 210, 247.0]
[12544363, 12546914, 2551, 249.0]
[12547419, 12549272, 1853, 248.0]
[12553392, 12569529, 16137, 249.0]
[12577084, 12591869, 14785, 248.0]
[12593850, 12602274, 8424, 249.0]
[12605507, 12610012, 4505, 249.0]
[12610022, 12614997, 4975, 248.0]
[12618152, 12625276, 7124, 249.0]
[12625377, 12629085, 3708, 249.0]
[12630335, 12643128, 12793, 249.0]
[12648664, 12663168, 14504, 249.0]
[12664191, 12677164, 12973, 249.0]
[12677466, 12685256, 7790, 249.0]
[12685599, 12690546, 4947, 249.0]
[12690763, 12740314, 49551, 249.0]
[12740319, 12818593, 78274, 248.0]
[12822869, 12826791, 3922, 249.0]
[12828557, 12863478, 34921, 249.0]
[12863486, 12876986, 13500, 249.0]
[12877513, 12882385, 4872, 249.0]
[12885645, 12890132, 4487, 249.0]
[12898567, 12911733, 13166, 249.0]
[12911742, 12916725, 4983, 249.0]
[12918062, 12921661, 3599, 249.0]
[12922783, 12927041, 4258, 249.0]
[12930796, 12931922, 1126, 248.0]
[12931935, 12941211, 9276, 249.0]
[12941323, 12968714, 27391, 249.0]
[12968962, 13008538, 39576, 249.0]
[13010599, 13019020, 8421, 249.0]
[13019023, 13025013, 5990, 249.0]
[13027833, 13039312, 11479, 249.0]
[13042554, 13044072, 1518, 249.0]
[13045732, 13045814, 82, 248.0]
[13045894, 13046124, 230, 249.0]
[13046460, 13049430, 2970, 249.0]
[13049923, 13056978, 7055, 249.0]
[13059014, 13060619, 1605, 250.0]
[13065451, 13066481, 1030, 249.0]
[13066614, 13067340, 726, 249.0]
[13067578, 13081496, 13918, 249.0]
[13081505, 13090280, 8775, 249.0]
[13092467, 13095093, 2626, 249.0]
[13095109, 13129582, 34473, 249.0]
[13131661, 13137256, 5595, 249.0]
[13139585, 13140264, 679, 249.0]
[13143101, 13183668, 40567, 249.0]
[13184385, 13184503, 118, 246.0]
[13184510, 13188311, 3801, 249.0]
[13189144, 13193484, 4340, 249.0]
[13194777, 13201993, 7216, 249.0]
[13202277, 13212014, 9737, 249.0]
[13213337, 13215748, 2411, 249.0]
[13216271, 13220536, 4265, 249.0]
[13220642, 13223081, 2439, 249.0]
[13229240, 13251309, 22069, 249.0]
[13259842, 13261713, 1871, 249.0]
[13263450, 13268114, 4664, 249.0]
[13268180, 13268659, 479, 249.0]
[13268663, 13274881, 6218, 249.0]
[13278064, 13279912, 1848, 249.0]
[13280069, 13294915, 14846, 249.0]
[13294924, 13298901, 3977, 249.0]
[13298931, 13299089, 158, 248.0]
[13299310, 13321689, 22379, 249.0]
[13322068, 13326334, 4266, 249.0]
[13328381, 13344171, 15790, 249.0]
[13346520, 13360722, 14202, 249.0]
[13361053, 13365799, 4746, 249.0]
[13367090, 13376996, 9906, 249.0]
[13377829, 13393682, 15853, 249.0]
[13395101, 13395631, 530, 248.0]
[13400284, 13409314, 9030, 249.0]
[13409768, 13434175, 24407, 249.0]
[13435648, 13446664, 11016, 249.0]
[13446954, 13456530, 9576, 249.0]
[13459085, 13460019, 934, 249.0]
[13463903, 13465114, 1211, 249.0]
[13465381, 13471533, 6152, 249.0]
[13471538, 13474477, 2939, 248.0]
[13478118, 13479704, 1586, 249.0]
[13485549, 13492589, 7040, 249.0]
[13492637, 13494544, 1907, 249.0]
[13496176, 13509423, 13247, 249.0]
[13511299, 13530264, 18965, 249.0]
[13532129, 13549003, 16874, 249.0]
[13552128, 13554588, 2460, 249.0]
[13556902, 13597713, 40811, 249.0]
[13603024, 13608782, 5758, 249.0]
[13612439, 13614369, 1930, 249.0]
[13614542, 13621314, 6772, 248.0]
[13621654, 13633600, 11946, 248.0]
[13634335, 13634899, 564, 248.0]
[13638118, 13657189, 19071, 249.0]
[13657205, 13674402, 17197, 249.0]
[13674673, 13691443, 16770, 248.0]
[13691610, 13702298, 10688, 249.0]
[13705100, 13707911, 2811, 248.0]
[13708957, 13723892, 14935, 249.0]
[13724445, 13728372, 3927, 248.0]
[13729944, 13731647, 1703, 249.0]
[13733171, 13736415, 3244, 249.0]
[13744334, 13747432, 3098, 249.0]
[13750245, 13764168, 13923, 249.0]
[13769295, 13779781, 10486, 249.0]
[13783822, 13799356, 15534, 249.0]
[13808372, 13823597, 15225, 249.0]
[13825469, 13845024, 19555, 249.0]
[13846206, 13850188, 3982, 249.0]
[13854543, 13858337, 3794, 249.0]
[13858349, 13858411, 62, 247.0]
[13859673, 13859762, 89, 248.0]
[13861533, 13875502, 13969, 249.0]
[13875899, 13907594, 31695, 249.0]
[13907602, 13908359, 757, 248.0]
[13908369, 13939109, 30740, 249.0]
[13947587, 13948017, 430, 248.0]
[13948899, 13964169, 15270, 249.0]
[13965981, 13974250, 8269, 248.0]
[13975346, 13978539, 3193, 249.0]
[13978809, 13979145, 336, 249.0]
[13980078, 13982408, 2330, 249.0]
[13982417, 13997213, 14796, 249.0]
[13998826, 14002480, 3654, 249.0]
[14003370, 14005822, 2452, 249.0]
[14007198, 14032822, 25624, 249.0]
[14033179, 14044513, 11334, 248.0]
[14047154, 14054994, 7840, 249.0]
[14057185, 14070431, 13246, 249.0]
[14070444, 14080704, 10260, 249.0]
[14082901, 14091498, 8597, 249.0]
[14093808, 14095088, 1280, 249.0]
[14097074, 14132410, 35336, 249.0]
[14132987, 14157771, 24784, 249.0]
[14158430, 14159451, 1021, 249.0]
[14166643, 14168211, 1568, 249.0]
[14168258, 14172288, 4030, 249.0]
[14173817, 14190456, 16639, 249.0]
[14190829, 14198797, 7968, 249.0]
[14199172, 14225699, 26527, 249.0]
[14226652, 14251252, 24600, 249.0]
[14251257, 14255001, 3744, 249.0]
[14268306, 14268465, 159, 249.0]
[14268468, 14305146, 36678, 249.0]
[14307280, 14318203, 10923, 249.0]
[14318213, 14323519, 5306, 249.0]
[14323540, 14323669, 129, 249.0]
[14325672, 14331744, 6072, 249.0]
[14332194, 14332381, 187, 249.0]
[14334311, 14337074, 2763, 249.0]
[14339235, 14347750, 8515, 249.0]
[14354033, 14364193, 10160, 249.0]
[14365357, 14372709, 7352, 249.0]
[14372714, 14384673, 11959, 249.0]
[14384683, 14385903, 1220, 248.0]
[14386193, 14403110, 16917, 249.0]
[14405350, 14407762, 2412, 249.0]
[14409210, 14447078, 37868, 249.0]
[14447088, 14447479, 391, 248.0]
[14448009, 14458340, 10331, 249.0]
[14459217, 14459586, 369, 248.0]
[14460649, 14464529, 3880, 249.0]
[14464538, 14480623, 16085, 249.0]
[14485759, 14505500, 19741, 249.0]
[14507394, 14512341, 4947, 249.0]
[14514086, 14527776, 13690, 249.0]
[14535141, 14539441, 4300, 249.0]
[14540851, 14547946, 7095, 249.0]
[14548452, 14557309, 8857, 249.0]
[14557339, 14566176, 8837, 249.0]
[14566199, 14567417, 1218, 248.0]
[14567509, 14571623, 4114, 249.0]
[14572008, 14574156, 2148, 249.0]
[14577989, 14605502, 27513, 249.0]
[14606180, 14606589, 409, 248.0]
[14607450, 14624482, 17032, 249.0]
[14627097, 14649892, 22795, 249.0]
[14650059, 14675534, 25475, 249.0]
[14676541, 14682564, 6023, 249.0]
[14684049, 14706804, 22755, 249.0]
[14707046, 14722840, 15794, 249.0]
[14723636, 14734425, 10789, 249.0]
[14734631, 14737399, 2768, 246.0]
[14742424, 14757460, 15036, 249.0]
[14758229, 14761523, 3294, 249.0]
[14762761, 14762846, 85, 248.0]
[14762886, 14764676, 1790, 249.0]
[14764680, 14788646, 23966, 249.0]
[14789272, 14808299, 19027, 248.0]
[14810392, 14815000, 4608, 248.0]
[14815638, 14817204, 1566, 249.0]
[14824241, 14825456, 1215, 249.0]
[14825621, 14830538, 4917, 249.0]
[14830991, 14833547, 2556, 249.0]
[14834959, 14849219, 14260, 249.0]
[14851104, 14857213, 6109, 249.0]
[14858358, 14862389, 4031, 249.0]
[14864234, 14879269, 15035, 249.0]
[14879279, 14883618, 4339, 247.0]
[14883622, 14887481, 3859, 249.0]
[14890511, 14893629, 3118, 249.0]
[14893701, 14894024, 323, 247.0]
[14894038, 14907559, 13521, 249.0]
[14908306, 14913541, 5235, 249.0]
[14913978, 14918804, 4826, 249.0]
[14921800, 14929990, 8190, 249.0]
[14930215, 14943477, 13262, 248.0]
[14943592, 14950532, 6940, 249.0]
[14954846, 14960490, 5644, 249.0]
[14960501, 14976220, 15719, 249.0]
[14978057, 14978300, 243, 248.0]
[14980786, 14999999, 19213, 248.0]
[15006402, 15008336, 1934, 249.0]
[15011542, 15021655, 10113, 249.0]
[15021733, 15033503, 11770, 249.0]
[15038268, 15045145, 6877, 249.0]
[15045150, 15066622, 21472, 249.0]
[15067046, 15078900, 11854, 249.0]
[15079261, 15089438, 10177, 249.0]
[15089693, 15138547, 48854, 249.0]
[15139538, 15142594, 3056, 249.0]
[15144420, 15164068, 19648, 249.0]
[15165011, 15179042, 14031, 249.0]
[15181737, 15182931, 1194, 248.0]
[15183285, 15184245, 960, 249.0]
[15184251, 15185092, 841, 245.0]
[15185469, 15188154, 2685, 249.0]
[15191160, 15206208, 15048, 249.0]
[15207501, 15211724, 4223, 249.0]
[15213690, 15219306, 5616, 249.0]
[15219682, 15227712, 8030, 249.0]
[15230142, 15246471, 16329, 249.0]
[15246488, 15254257, 7769, 249.0]
[15255994, 15273847, 17853, 249.0]
[15273957, 15278836, 4879, 248.0]
[15278838, 15279403, 565, 243.0]
[15280412, 15281453, 1041, 248.0]
[15288018, 15290594, 2576, 249.0]
[15293597, 15301304, 7707, 249.0]
[15301319, 15302083, 764, 249.0]
[15307380, 15344824, 37444, 249.0]
[15344838, 15350338, 5500, 248.0]
[15351233, 15351811, 578, 248.0]
[15351950, 15356511, 4561, 249.0]
[15359990, 15376085, 16095, 249.0]
[15378744, 15382961, 4217, 249.0]
[15385290, 15390490, 5200, 249.0]
[15394476, 15395226, 750, 249.0]
[15395239, 15396437, 1198, 249.0]
[15397639, 15399697, 2058, 249.0]
[15402594, 15403541, 947, 249.0]
[15412341, 15420024, 7683, 249.0]
[15420153, 15420344, 191, 247.0]
[15422090, 15448289, 26199, 249.0]
[15448299, 15464841, 16542, 248.0]
[15464887, 15473421, 8534, 249.0]
[15475568, 15478636, 3068, 249.0]
[15479407, 15484599, 5192, 249.0]
[15485463, 15486301, 838, 248.0]
[15487630, 15487682, 52, 244.0]
[15487814, 15498739, 10925, 248.0]
[15498749, 15507971, 9222, 249.0]
[15509370, 15516880, 7510, 249.0]
[15519608, 15520994, 1386, 249.0]
[15522485, 15528820, 6335, 249.0]
[15530389, 15532202, 1813, 248.0]
[15532881, 15539150, 6269, 249.0]
[15541970, 15544843, 2873, 249.0]
[15545912, 15551310, 5398, 249.0]
[15552937, 15560334, 7397, 249.0]
[15561995, 15566156, 4161, 249.0]
[15573375, 15586715, 13340, 249.0]
[15587398, 15590826, 3428, 248.0]
[15595363, 15603466, 8103, 249.0]
[15604202, 15606212, 2010, 249.0]
[15609828, 15612369, 2541, 249.0]
[15614572, 15634493, 19921, 249.0]
[15634508, 15643412, 8904, 249.0]
[15644235, 15644581, 346, 249.0]
[15646294, 15646580, 286, 249.0]
[15647104, 15659701, 12597, 249.0]
[15659993, 15662105, 2112, 249.0]
[15666064, 15666265, 201, 248.0]
[15666670, 15675262, 8592, 249.0]
[15675732, 15697997, 22265, 249.0]
[15698105, 15736151, 38046, 249.0]
[15738310, 15745510, 7200, 249.0]
[15746514, 15748078, 1564, 248.0]
[15748085, 15765472, 17387, 249.0]
[15765479, 15766376, 897, 249.0]
[15769200, 15774614, 5414, 249.0]
[15774730, 15776711, 1981, 249.0]
[15778028, 15787564, 9536, 249.0]
[15787579, 15789824, 2245, 249.0]
[15789898, 15791778, 1880, 248.0]
[15793494, 15795215, 1721, 248.0]
[15795766, 15807223, 11457, 249.0]
[15807664, 15839560, 31896, 249.0]
[15841020, 15862518, 21498, 249.0]
[15862878, 15869039, 6161, 248.0]
[15871032, 15879440, 8408, 249.0]
[15879790, 15883847, 4057, 248.0]
[15883854, 15900235, 16381, 248.0]
[15900479, 15900715, 236, 247.0]
[15901851, 15915276, 13425, 249.0]
[15915281, 15921286, 6005, 249.0]
[15921567, 15930554, 8987, 249.0]
[15931626, 15936635, 5009, 249.0]
[15938727, 15959392, 20665, 248.0]
[15959403, 15962219, 2816, 248.0]
[15965606, 15995498, 29892, 249.0]
[15998637, 16015685, 17048, 249.0]
[16016014, 16032974, 16960, 249.0]
[16036774, 16039101, 2327, 249.0]
[16039118, 16050721, 11603, 246.0]
[16052225, 16056527, 4302, 249.0]
[16059973, 16078858, 18885, 249.0]
[16079531, 16080413, 882, 249.0]
[16080439, 16117304, 36865, 249.0]
[16125969, 16131729, 5760, 249.0]
[16131737, 16140347, 8610, 248.0]
[16142587, 16148335, 5748, 249.0]
[16151697, 16170682, 18985, 249.0]
[16185000, 16185291, 291, 248.0]
[16188298, 16201462, 13164, 249.0]
[16209864, 16211718, 1854, 249.0]
[16213278, 16246326, 33048, 249.0]
[16246409, 16254114, 7705, 249.0]
[16254393, 16256605, 2212, 249.0]
[16259937, 16272001, 12064, 248.0]
[16273533, 16275082, 1549, 249.0]
[16275521, 16291445, 15924, 249.0]
[16292866, 16297080, 4214, 249.0]
[16297112, 16298866, 1754, 248.0]
[16298875, 16307515, 8640, 248.0]
[16307527, 16343740, 36213, 249.0]
[16345402, 16346348, 946, 248.0]
[16354748, 16371176, 16428, 249.0]
[16372907, 16376868, 3961, 249.0]
[16376974, 16378441, 1467, 248.0]
[16379297, 16391660, 12363, 249.0]
[16391675, 16414596, 22921, 249.0]
[16418374, 16419478, 1104, 249.0]
[16420979, 16426528, 5549, 249.0]
[16428490, 16429984, 1494, 249.0]
[16430788, 16443593, 12805, 249.0]
[16447079, 16449770, 2691, 248.0]
[16452534, 16471449, 18915, 249.0]
[16473243, 16483843, 10600, 249.0]
[16483982, 16486408, 2426, 249.0]
[16499154, 16501573, 2419, 249.0]
[16502018, 16530682, 28664, 249.0]
[16531583, 16546595, 15012, 249.0]
[16548474, 16549573, 1099, 248.0]
[16551685, 16567535, 15850, 249.0]
[16570611, 16575706, 5095, 248.0]
[16575810, 16578316, 2506, 248.0]
[16578323, 16580495, 2172, 248.0]
[16581668, 16582184, 516, 248.0]
[16582678, 16600987, 18309, 249.0]
[16603143, 16603886, 743, 249.0]
[16607076, 16607765, 689, 248.0]
[16608917, 16634985, 26068, 249.0]
[16638062, 16659133, 21071, 249.0]
[16659234, 16677040, 17806, 249.0]
[16680952, 16690650, 9698, 249.0]
[16690815, 16701988, 11173, 249.0]
[16707711, 16731340, 23629, 249.0]
[16731710, 16733507, 1797, 248.0]
[16733513, 16749830, 16317, 249.0]
[16749881, 16753803, 3922, 249.0]
[16753866, 16758918, 5052, 249.0]
[16760701, 16776010, 15309, 248.0]
[16778014, 16778188, 174, 247.0]
[16778191, 16787704, 9513, 248.0]
[16787708, 16804726, 17018, 249.0]
[16810783, 16815279, 4496, 249.0]
[16815289, 16825842, 10553, 249.0]
[16829599, 16845389, 15790, 249.0]
[16845979, 16847539, 1560, 249.0]
[16847545, 16860538, 12993, 249.0]
[16862762, 16869918, 7156, 248.0]
[16873115, 16880206, 7091, 248.0]
[16880329, 16891321, 10992, 249.0]
[16892718, 16906876, 14158, 248.0]
[16909048, 16914766, 5718, 249.0]
[16914816, 16932713, 17897, 247.0]
[16933460, 16933756, 296, 249.0]
[16936556, 16938651, 2095, 248.0]
[16938675, 16950041, 11366, 249.0]
[16951445, 16952225, 780, 248.0]
[16952691, 16962265, 9574, 249.0]
[16963574, 16964431, 857, 249.0]
[16966593, 16982513, 15920, 249.0]
[16986621, 16986681, 60, 247.0]
[16987696, 16990439, 2743, 249.0]
[16991472, 16998433, 6961, 249.0]
[16998927, 17001609, 2682, 249.0]
[17003598, 17015491, 11893, 249.0]
[17016040, 17018775, 2735, 249.0]
[17018791, 17031417, 12626, 249.0]
[17032495, 17076481, 43986, 249.0]
[17080085, 17093634, 13549, 249.0]
[17093638, 17102003, 8365, 249.0]
[17104870, 17121600, 16730, 249.0]
[17122144, 17124513, 2369, 249.0]
[17125182, 17127008, 1826, 249.0]
[17127434, 17144132, 16698, 249.0]
[17145372, 17174819, 29447, 249.0]
[17175223, 17186349, 11126, 249.0]
[17187203, 17188540, 1337, 249.0]
[17191533, 17191843, 310, 248.0]
[17192809, 17203343, 10534, 249.0]
[17203594, 17211380, 7786, 249.0]
[17211732, 17215310, 3578, 249.0]
[17217974, 17226323, 8349, 249.0]
[17232088, 17234077, 1989, 249.0]
[17236046, 17239640, 3594, 249.0]
[17240099, 17240127, 28, 244.0]
[17240133, 17241231, 1098, 249.0]
[17242729, 17244919, 2190, 249.0]
[17246154, 17247970, 1816, 249.0]
[17250780, 17254201, 3421, 249.0]
[17255259, 17256963, 1704, 249.0]
[17257188, 17264612, 7424, 249.0]
[17265301, 17279859, 14558, 249.0]
[17280829, 17296534, 15705, 249.0]
[17296538, 17305832, 9294, 249.0]
[17309513, 17344800, 35287, 249.0]
[17348896, 17368529, 19633, 249.0]
[17379764, 17380682, 918, 249.0]
[17381993, 17384533, 2540, 249.0]
[17386968, 17387285, 317, 247.0]
[17387289, 17391289, 4000, 248.0]
[17392081, 17397076, 4995, 249.0]
[17401708, 17403410, 1702, 249.0]
[17403449, 17407566, 4117, 248.0]
[17409436, 17412315, 2879, 249.0]
[17413634, 17426214, 12580, 249.0]
[17426552, 17428267, 1715, 249.0]
[17428674, 17473147, 44473, 249.0]
[17473163, 17473405, 242, 248.0]
[17476485, 17489868, 13383, 249.0]
[17490410, 17492152, 1742, 248.0]
[17492310, 17496250, 3940, 249.0]
[17508914, 17512281, 3367, 249.0]
[17513831, 17518377, 4546, 249.0]
[17523610, 17548447, 24837, 249.0]
[17549015, 17551542, 2527, 248.0]
[17551910, 17563263, 11353, 249.0]
[17565029, 17598081, 33052, 249.0]
[17598090, 17602834, 4744, 249.0]
[17603119, 17612082, 8963, 249.0]
[17615727, 17619828, 4101, 248.0]
[17620301, 17629795, 9494, 249.0]
[17632453, 17649947, 17494, 249.0]
[17650089, 17657462, 7373, 249.0]
[17658828, 17665895, 7067, 248.0]
[17667250, 17681068, 13818, 248.0]
[17682502, 17729137, 46635, 249.0]
[17730286, 17740212, 9926, 249.0]
[17742186, 17743906, 1720, 249.0]
[17746208, 17749171, 2963, 249.0]
[17749299, 17750428, 1129, 249.0]
[17751742, 17775410, 23668, 248.0]
[17776246, 17778051, 1805, 249.0]
[17782432, 17806382, 23950, 248.0]
[17806393, 17808717, 2324, 248.0]
[17810637, 17822444, 11807, 249.0]
[17822460, 17836240, 13780, 248.0]
[17836734, 17844068, 7334, 248.0]
[17844288, 17847053, 2765, 248.0]
[17847367, 17847594, 227, 248.0]
[17848429, 17861254, 12825, 249.0]
[17861268, 17864621, 3353, 248.0]
[17871389, 17871946, 557, 248.0]
[17873285, 17874554, 1269, 248.0]
[17874577, 17879017, 4440, 248.0]
[17879041, 17910385, 31344, 248.0]
[17912119, 17930448, 18329, 249.0]
[17930463, 17944778, 14315, 248.0]
[17944992, 17961948, 16956, 249.0]
[17961998, 17975148, 13150, 248.0]
[17977188, 17984648, 7460, 248.0]
[17985936, 17996516, 10580, 249.0]
[17998002, 18026928, 28926, 250.0]
[18027604, 18044317, 16713, 249.0]
[18047136, 18049195, 2059, 249.0]
[18050347, 18084773, 34426, 249.0]
[18085916, 18105083, 19167, 249.0]
[18105463, 18113218, 7755, 249.0]
[18114591, 18118021, 3430, 249.0]
[18119664, 18125080, 5416, 249.0]
[18125908, 18129685, 3777, 249.0]
[18142419, 18144490, 2071, 249.0]
[18144923, 18146202, 1279, 250.0]
[18147798, 18151075, 3277, 249.0]
[18156851, 18159841, 2990, 249.0]
[18160056, 18175574, 15518, 249.0]
[18175763, 18178783, 3020, 249.0]
[18179657, 18191580, 11923, 249.0]
[18193065, 18203624, 10559, 249.0]
[18206201, 18212505, 6304, 249.0]
[18212936, 18228516, 15580, 249.0]
[18229831, 18236652, 6821, 249.0]
[18239855, 18249711, 9856, 249.0]
[18250045, 18257883, 7838, 249.0]
[18258050, 18274270, 16220, 249.0]
[18274470, 18276370, 1900, 249.0]
[18277262, 18291220, 13958, 249.0]
[18291288, 18307507, 16219, 249.0]
[18307524, 18308894, 1370, 248.0]
[18310982, 18330204, 19222, 249.0]
[18333392, 18335423, 2031, 249.0]
[18337064, 18344427, 7363, 249.0]
[18345995, 18368553, 22558, 249.0]
[18373352, 18374271, 919, 249.0]
[18376185, 18379804, 3619, 249.0]
[18380598, 18386413, 5815, 249.0]
[18386569, 18394381, 7812, 249.0]
[18396448, 18403218, 6770, 249.0]
[18405818, 18407918, 2100, 249.0]
[18410117, 18419386, 9269, 249.0]
[18420106, 18423265, 3159, 249.0]
[18424597, 18436723, 12126, 249.0]
[18437800, 18463110, 25310, 249.0]
[18463654, 18466317, 2663, 249.0]
[18467703, 18472124, 4421, 249.0]
[18473337, 18475693, 2356, 249.0]
[18475725, 18480516, 4791, 249.0]
[18481470, 18481658, 188, 248.0]
[18486559, 18501509, 14950, 249.0]
[18505031, 18520640, 15609, 249.0]
[18520696, 18527163, 6467, 249.0]
[18527674, 18547286, 19612, 249.0]
[18548545, 18551393, 2848, 249.0]
[18551596, 18555413, 3817, 249.0]
[18555474, 18571227, 15753, 249.0]
[18572517, 18590402, 17885, 249.0]
[18594281, 18600696, 6415, 248.0]
[18600890, 18619057, 18167, 249.0]
[18619998, 18621661, 1663, 249.0]
[18622869, 18633222, 10353, 248.0]
[18635141, 18639918, 4777, 249.0]
[18643730, 18651483, 7753, 249.0]
[18653253, 18659719, 6466, 249.0]
[18659741, 18661766, 2025, 248.0]
[18664439, 18667826, 3387, 249.0]
[18667861, 18670301, 2440, 249.0]
[18676570, 18687852, 11282, 249.0]
[18694962, 18708661, 13699, 248.0]
[18708671, 18728285, 19614, 249.0]
[18730848, 18742584, 11736, 249.0]
[18745581, 18761851, 16270, 249.0]
[18763156, 18784574, 21418, 249.0]
[18784578, 18809095, 24517, 249.0]
[18809649, 18847328, 37679, 249.0]
[18847384, 18852180, 4796, 249.0]
[18854114, 18855600, 1486, 249.0]
[18855634, 18875553, 19919, 249.0]
[18876640, 18909058, 32418, 249.0]
[18909380, 18920670, 11290, 249.0]
[18920676, 18934895, 14219, 248.0]
[18942624, 18944291, 1667, 245.0]
[18944301, 18945982, 1681, 248.0]
[18945988, 18949306, 3318, 247.0]
[18950517, 18969787, 19270, 249.0]
[18971281, 18973179, 1898, 249.0]
[18973334, 18976135, 2801, 249.0]
[18977552, 18997361, 19809, 248.0]
[18997368, 19004246, 6878, 248.0]
[19004253, 19009245, 4992, 244.0]
[19011095, 19060619, 49524, 248.0]
[19060628, 19061431, 803, 249.0]
[19062609, 19067870, 5261, 249.0]
[19069201, 19077737, 8536, 248.0]
[19081991, 19087945, 5954, 248.0]
[19092404, 19094174, 1770, 249.0]
[19094193, 19101890, 7697, 248.0]
[19101906, 19105922, 4016, 248.0]
[19108635, 19108778, 143, 247.0]
[19108789, 19109638, 849, 248.0]
[19110624, 19118880, 8256, 248.0]
[19121039, 19149970, 28931, 248.0]
[19151066, 19164941, 13875, 248.0]
[19167629, 19188302, 20673, 248.0]
[19196144, 19199128, 2984, 248.0]
[19199260, 19200095, 835, 248.0]
[19203730, 19216019, 12289, 248.0]
[19220330, 19224530, 4200, 249.0]
[19224965, 19246049, 21084, 248.0]
[19246066, 19248467, 2401, 247.0]
[19248477, 19265762, 17285, 248.0]
[19265784, 19272760, 6976, 248.0]
[19277860, 19279443, 1583, 248.0]
[19279724, 19289363, 9639, 248.0]
[19289370, 19299495, 10125, 248.0]
[19300287, 19317067, 16780, 248.0]
[19317634, 19335127, 17493, 248.0]
[19335626, 19342172, 6546, 249.0]
[19342650, 19344479, 1829, 248.0]
[19346087, 19352097, 6010, 248.0]
[19353982, 19361676, 7694, 248.0]
[19361717, 19377524, 15807, 248.0]
[19378388, 19387087, 8699, 248.0]
[19390243, 19404408, 14165, 248.0]
[19404848, 19420212, 15364, 248.0]
[19439649, 19446026, 6377, 248.0]
[19447760, 19456932, 9172, 248.0]
[19457920, 19461777, 3857, 248.0]
[19462836, 19472170, 9334, 248.0]
[19475527, 19481570, 6043, 248.0]
[19482185, 19492892, 10707, 248.0]
[19494628, 19500827, 6199, 248.0]
[19501403, 19502610, 1207, 248.0]
[19505228, 19510138, 4910, 249.0]
[19510589, 19511906, 1317, 248.0]
[19511914, 19513826, 1912, 245.0]
[19515336, 19527251, 11915, 248.0]
[19527421, 19531014, 3593, 248.0]
[19531216, 19535357, 4141, 248.0]
[19536497, 19538107, 1610, 249.0]
[19538270, 19540050, 1780, 248.0]
[19540770, 19574777, 34007, 248.0]
[19575339, 19628298, 52959, 248.0]
[19628669, 19641091, 12422, 248.0]
[19643460, 19656351, 12891, 248.0]
[19658310, 19665534, 7224, 248.0]
[19665542, 19665768, 226, 248.0]
[19665774, 19666518, 744, 247.0]
[19667429, 19675961, 8532, 248.0]
[19675972, 19676986, 1014, 248.0]
[19677173, 19687544, 10371, 248.0]
[19701901, 19709148, 7247, 248.0]
[19710985, 19723148, 12163, 249.0]
[19726411, 19758188, 31777, 248.0]
[19759202, 19765314, 6112, 248.0]
[19765936, 19772768, 6832, 248.0]
[19772805, 19775516, 2711, 248.0]
[19775518, 19783309, 7791, 248.0]
[19784717, 19796101, 11384, 248.0]
[19800845, 19803160, 2315, 248.0]
[19805044, 19816832, 11788, 248.0]
[19818211, 19820960, 2749, 248.0]
[19823859, 19825070, 1211, 249.0]
[19825432, 19835214, 9782, 247.0]
[19835785, 19846774, 10989, 248.0]
[19847923, 19849381, 1458, 248.0]
[19850287, 19867950, 17663, 248.0]
[19868920, 19875071, 6151, 249.0]
[19875967, 19876525, 558, 249.0]
[19878093, 19882084, 3991, 248.0]
[19885534, 19919180, 33646, 248.0]
[19919588, 19938216, 18628, 248.0]
[19939711, 19959198, 19487, 248.0]
[19961857, 19971871, 10014, 248.0]
[19972303, 19975720, 3417, 248.0]
[19976961, 19980381, 3420, 248.0]
[19980594, 19990212, 9618, 248.0]
[20002453, 20004256, 1803, 249.0]
[20008861, 20019666, 10805, 250.0]
[20033928, 20038133, 4205, 250.0]
[20039614, 20047266, 7652, 250.0]
[20047668, 20055099, 7431, 249.0]
[20060256, 20061656, 1400, 250.0]
[20068705, 20074843, 6138, 249.0]
[20075473, 20077791, 2318, 250.0]
[20078376, 20090903, 12527, 249.0]
[20096877, 20105728, 8851, 249.0]
[20108269, 20111319, 3050, 249.0]
[20113438, 20114364, 926, 250.0]
[20114366, 20122128, 7762, 249.0]
[20124528, 20124789, 261, 249.0]
[20128809, 20129121, 312, 249.0]
[20130755, 20141723, 10968, 250.0]
[20144963, 20146007, 1044, 249.0]
[20152670, 20159536, 6866, 249.0]
[20159587, 20163970, 4383, 250.0]
[20167525, 20189006, 21481, 249.0]
[20189215, 20204129, 14914, 249.0]
[20210500, 20213245, 2745, 249.0]
[20213820, 20225160, 11340, 249.0]
[20226778, 20228026, 1248, 249.0]
[20231046, 20245025, 13979, 249.0]
[20245031, 20253045, 8014, 250.0]
[20256968, 20277800, 20832, 249.0]
[20278157, 20306620, 28463, 249.0]
[20306629, 20316165, 9536, 249.0]
[20317511, 20321630, 4119, 249.0]
[20323809, 20324824, 1015, 249.0]
[20325018, 20328314, 3296, 249.0]
[20330422, 20338568, 8146, 249.0]
[20339551, 20347853, 8302, 249.0]
[20349868, 20364184, 14316, 249.0]
[20364596, 20370272, 5676, 249.0]
[20370698, 20372478, 1780, 249.0]
[20372866, 20378861, 5995, 249.0]
[20380551, 20392358, 11807, 249.0]
[20395442, 20395918, 476, 248.0]
[20396326, 20412792, 16466, 249.0]
[20414225, 20415314, 1089, 249.0]
[20421007, 20424554, 3547, 249.0]
[20426520, 20427443, 923, 247.0]
[20427452, 20428615, 1163, 249.0]
[20431180, 20432169, 989, 244.0]
[20432646, 20441357, 8711, 249.0]
[20441950, 20475920, 33970, 249.0]
[20477479, 20491381, 13902, 249.0]
[20495256, 20502611, 7355, 249.0]
[20503539, 20528186, 24647, 249.0]
[20529168, 20571378, 42210, 249.0]
[20571417, 20600631, 29214, 249.0]
[20610415, 20612134, 1719, 249.0]
[20614769, 20642187, 27418, 249.0]
[20645668, 20648992, 3324, 249.0]
[20651690, 20659717, 8027, 249.0]
[20659744, 20661179, 1435, 247.0]
[20663716, 20678064, 14348, 249.0]
[20678488, 20692793, 14305, 249.0]
[20692808, 20698871, 6063, 249.0]
[20703165, 20704386, 1221, 249.0]
[20710698, 20713811, 3113, 248.0]
[20713945, 20716146, 2201, 248.0]
[20716155, 20719168, 3013, 249.0]
[20721470, 20722691, 1221, 249.0]
[20722725, 20749447, 26722, 249.0]
[20756110, 20773137, 17027, 249.0]
[20776996, 20782839, 5843, 249.0]
[20782854, 20787115, 4261, 249.0]
[20787120, 20796912, 9792, 249.0]
[20800914, 20803574, 2660, 248.0]
[20805825, 20811778, 5953, 249.0]
[20815554, 20826113, 10559, 249.0]
[20826879, 20833156, 6277, 249.0]
[20835243, 20844018, 8775, 249.0]
[20844383, 20861101, 16718, 249.0]
[20861136, 20942759, 81623, 249.0]
[20944588, 20958130, 13542, 249.0]
[20962033, 20966775, 4742, 248.0]
[20966918, 20968075, 1157, 248.0]
[20972111, 20982660, 10549, 249.0]
[20987790, 20999999, 12209, 249.0]
